"anio" "lag1" "lag2" "lag3" "lag4" "lag5" "volumen" "direc"
2001 0.381 -0.192 -2.624 -1.055 5.01 1.1913 "Up"
2001 0.959 0.381 -0.192 -2.624 -1.055 1.2965 "Up"
2001 1.032 0.959 0.381 -0.192 -2.624 1.4112 "Up"
2001 -0.623 1.032 0.959 0.381 -0.192 1.276 "Down"
2001 0.614 -0.623 1.032 0.959 0.381 1.2057 "Down"
2001 0.213 0.614 -0.623 1.032 0.959 1.3491 "Up"
2001 1.392 0.213 0.614 -0.623 1.032 1.445 "Up"
2001 -0.403 1.392 0.213 0.614 -0.623 1.4078 "Down"
2001 0.027 -0.403 1.392 0.213 0.614 1.164 "Down"
2001 1.303 0.027 -0.403 1.392 0.213 1.2326 "Down"
2001 0.287 1.303 0.027 -0.403 1.392 1.309 "Up"
2001 -0.498 0.287 1.303 0.027 -0.403 1.258 "Down"
2001 -0.189 -0.498 0.287 1.303 0.027 1.098 "Down"
2001 0.68 -0.189 -0.498 0.287 1.303 1.0531 "Up"
2001 0.701 0.68 -0.189 -0.498 0.287 1.1498 "Down"
2001 -0.562 0.701 0.68 -0.189 -0.498 1.2953 "Down"
2001 0.546 -0.562 0.701 0.68 -0.189 1.1188 "Down"
2001 -1.747 0.546 -0.562 0.701 0.68 1.0484 "Down"
2001 0.359 -1.747 0.546 -0.562 0.701 1.013 "Down"
2001 -0.151 0.359 -1.747 0.546 -0.562 1.0596 "Down"
2001 -0.841 -0.151 0.359 -1.747 0.546 1.1583 "Down"
2001 -0.623 -0.841 -0.151 0.359 -1.747 1.1072 "Up"
2001 -1.334 -0.623 -0.841 -0.151 0.359 1.0755 "Down"
2001 1.183 -1.334 -0.623 -0.841 -0.151 1.0391 "Down"
2001 -0.865 1.183 -1.334 -0.623 -0.841 1.0752 "Down"
2001 -0.218 -0.865 1.183 -1.334 -0.623 1.1503 "Down"
2001 0.812 -0.218 -0.865 1.183 -1.334 1.1537 "Up"
2001 -1.891 0.812 -0.218 -0.865 1.183 1.2572 "Up"
2001 -1.736 -1.891 0.812 -0.218 -0.865 1.1122 "Down"
2001 -1.851 -1.736 -1.891 0.812 -0.218 1.2085 "Down"
2001 -0.195 -1.851 -1.736 -1.891 0.812 1.3659 "Up"
2001 -0.556 -0.195 -1.851 -1.736 -1.891 1.2313 "Up"
2001 1.749 -0.556 -0.195 -1.851 -1.736 1.1308 "Up"
2001 -0.766 1.749 -0.556 -0.195 -1.851 1.1141 "Up"
2001 -1.431 -0.766 1.749 -0.556 -0.195 1.2253 "Down"
2001 0.104 -1.431 -0.766 1.749 -0.556 1.2949 "Down"
2001 -0.568 0.104 -1.431 -0.766 1.749 1.294 "Up"
2001 0.586 -0.568 0.104 -1.431 -0.766 0.9292 "Down"
2001 0.998 0.586 -0.568 0.104 -1.431 1.0918 "Up"
2001 0.645 0.998 0.586 -0.568 0.104 1.1322 "Down"
2001 0.226 0.645 0.998 0.586 -0.568 1.1141 "Down"
2001 -2.476 0.226 0.645 0.998 0.586 1.0859 "Down"
2001 -4.318 -2.476 0.226 0.645 0.998 1.229 "Up"
2001 1.483 -4.318 -2.476 0.226 0.645 1.3609 "Down"
2001 -2.584 1.483 -4.318 -2.476 0.226 1.3974 "Down"
2001 0.587 -2.584 1.483 -4.318 -2.476 1.2595 "Up"
2001 -1.962 0.587 -2.584 1.483 -4.318 1.54356 "Up"
2001 1.763 -1.962 0.587 -2.584 1.483 1.1262 "Up"
2001 -2.408 1.763 -1.962 0.587 -2.584 1.2359 "Up"
2001 -1.792 -2.408 1.763 -1.962 0.587 1.3463 "Down"
2001 -0.406 -1.792 -2.408 1.763 -1.962 1.72395 "Up"
2001 1.991 -0.406 -1.792 -2.408 1.763 1.3649 "Up"
2001 1.128 1.991 -0.406 -1.792 -2.408 1.114 "Up"
2001 2.557 1.128 1.991 -0.406 -1.792 1.3142 "Up"
2001 -2.443 2.557 1.128 1.991 -0.406 1.3334 "Down"
2001 -0.463 -2.443 2.557 1.128 1.991 1.2345 "Up"
2001 1.078 -0.463 -2.443 2.557 1.128 1.2808 "Up"
2001 -1.246 1.078 -0.463 -2.443 2.557 1.2549 "Up"
2001 -3.439 -1.246 1.078 -0.463 -2.443 1.3861 "Up"
2001 -0.29 -3.439 -1.246 1.078 -0.463 1.42559 "Down"
2001 4.368 -0.29 -3.439 -1.246 1.078 1.368 "Up"
2001 -1.998 4.368 -0.29 -3.439 -1.246 1.2668 "Up"
2001 0.812 -1.998 4.368 -0.29 -3.439 1.0628 "Up"
2001 2.707 0.812 -1.998 4.368 -0.29 1.3496 "Down"
2001 -0.213 2.707 0.812 -1.998 4.368 1.2903 "Up"
2001 1.51 -0.213 2.707 0.812 -1.998 1.102 "Up"
2001 -0.323 1.51 -0.213 2.707 0.812 0.9139 "Down"
2001 1.028 -0.323 1.51 -0.213 2.707 1.1096 "Up"
2001 3.889 1.028 -0.323 1.51 -0.213 1.9189 "Down"
2001 1.254 3.889 1.028 -0.323 1.51 1.4868 "Up"
2001 -0.854 1.254 3.889 1.028 -0.323 1.3387 "Down"
2001 -1.498 -0.854 1.254 3.889 1.028 1.0126 "Up"
2001 -1.216 -1.498 -0.854 1.254 3.889 1.2165 "Up"
2001 1.594 -1.216 -1.498 -0.854 1.254 1.2036 "Up"
2001 0.47 1.594 -1.216 -1.498 -0.854 1.3452 "Up"
2001 1.501 0.47 1.594 -1.216 -1.498 1.0913 "Up"
2001 -0.287 1.501 0.47 1.594 -1.216 1.2668 "Up"
2001 1.359 -0.287 1.501 0.47 1.594 1.1813 "Up"
2001 0.078 1.359 -0.287 1.501 0.47 1.3422 "Down"
2001 -1.487 0.078 1.359 -0.287 1.501 1.1379 "Up"
2001 1.444 -1.487 0.078 1.359 -0.287 1.0821 "Down"
2001 -0.245 1.444 -1.487 0.078 1.359 0.949 "Up"
2001 -0.183 -0.245 1.444 -1.487 0.078 1.0063 "Down"
2001 -0.449 -0.183 -0.245 1.444 -1.487 1.1324 "Up"
2001 -0.029 -0.449 -0.183 -0.245 1.444 1.0567 "Up"
2001 -0.758 -0.029 -0.449 -0.183 -0.245 0.9062 "Down"
2001 0.261 -0.758 -0.029 -0.449 -0.183 0.8582 "Down"
2001 0.042 0.261 -0.758 -0.029 -0.449 1.0718 "Down"
2001 2.845 0.042 0.261 -0.758 -0.029 1.4053 "Down"
2001 0.272 2.845 0.042 0.261 -0.758 1.3556 "Down"
2001 0.269 0.272 2.845 0.042 0.261 1.1308 "Down"
2001 1.615 0.269 0.272 2.845 0.042 1.1749 "Down"
2001 -0.263 1.615 0.269 0.272 2.845 1.2604 "Up"
2001 -1.553 -0.263 1.615 0.269 0.272 1.1348 "Down"
2001 0.32 -1.553 -0.263 1.615 0.269 1.1007 "Down"
2001 -1.182 0.32 -1.553 -0.263 1.615 0.8281 "Up"
2001 -0.779 -1.182 0.32 -1.553 -0.263 1.026 "Down"
2001 -1.566 -0.779 -1.182 0.32 -1.553 1.1586 "Up"
2001 0.62 -1.566 -0.779 -1.182 0.32 1.2266 "Down"
2001 0.386 0.62 -1.566 -0.779 -1.182 1.015 "Up"
2001 0.511 0.386 0.62 -1.566 -0.779 0.8365 "Down"
2001 1.299 0.511 0.386 0.62 -1.566 1.1168 "Up"
2001 -1.055 1.299 0.511 0.386 0.62 1.0619 "Down"
2001 0.546 -1.055 1.299 0.511 0.386 1.0896 "Down"
2001 -0.94 0.546 -1.055 1.299 0.511 0.7262 "Down"
2001 -0.836 -0.94 0.546 -1.055 1.299 0.8701 "Up"
2001 0.116 -0.836 -0.94 0.546 -1.055 1.1365 "Up"
2001 -1.135 0.116 -0.836 -0.94 0.546 1.0636 "Down"
2001 -1.75 -1.135 0.116 -0.836 -0.94 1.2429 "Up"
2001 -0.452 -1.75 -1.135 0.116 -0.836 1.63555 "Up"
2001 -0.488 -0.452 -1.75 -1.135 0.116 1.1116 "Down"
2001 0.343 -0.488 -0.452 -1.75 -1.135 1.1849 "Up"
2001 0.871 0.343 -0.488 -0.452 -1.75 1.3501 "Up"
2001 1.136 0.871 0.343 -0.488 -0.452 1.54682 "Down"
2001 -0.945 1.136 0.871 0.343 -0.488 1.1892 "Down"
2001 -0.551 -0.945 1.136 0.871 0.343 1.0501 "Down"
2001 -0.151 -0.551 -0.945 1.136 0.871 1.1989 "Up"
2001 -0.468 -0.151 -0.551 -0.945 1.136 1.1621 "Up"
2001 1.249 -0.468 -0.151 -0.551 -0.945 1.3273 "Up"
2001 -0.148 1.249 -0.468 -0.151 -0.551 1.83236 "Down"
2001 1.008 -0.148 1.249 -0.468 -0.151 1.1283 "Down"
2001 -0.184 1.008 -0.148 1.249 -0.468 0.62211 "Down"
2001 -1.232 -0.184 1.008 -0.148 1.249 0.9349 "Up"
2001 -2.35 -1.232 -0.184 1.008 -0.148 1.0567 "Down"
2001 0.688 -2.35 -1.232 -0.184 1.008 1.0457 "Up"
2001 -1.44 0.688 -2.35 -1.232 -0.184 1.2638 "Down"
2001 -0.113 -1.44 0.688 -2.35 -1.232 1.3841 "Up"
2001 2.369 -0.113 -1.44 0.688 -2.35 1.394 "Up"
2001 0.624 2.369 -0.113 -1.44 0.688 1.1217 "Down"
2001 -1.088 0.624 2.369 -0.113 -1.44 1.0398 "Up"
2001 0.997 -1.088 0.624 2.369 -0.113 1.2381 "Down"
2001 -0.554 0.997 -1.088 0.624 2.369 1.3163 "Up"
2001 0.605 -0.554 0.997 -1.088 0.624 1.3435 "Down"
2001 -0.343 0.605 -0.554 0.997 -1.088 1.1709 "Up"
2001 -1.637 -0.343 0.605 -0.554 0.997 0.9869 "Up"
2001 -1.627 -1.637 -0.343 0.605 -0.554 1.1987 "Down"
2001 1.608 -1.627 -1.637 -0.343 0.605 1.2807 "Down"
2001 1.045 1.608 -1.627 -1.637 -0.343 1.2139 "Down"
2001 0.24 1.045 1.608 -1.627 -1.637 1.0153 "Up"
2001 -0.108 0.24 1.045 1.608 -1.627 0.9091 "Up"
2001 0.557 -0.108 0.24 1.045 1.608 1.1292 "Up"
2001 0.388 0.557 -0.108 0.24 1.045 1.3403 "Up"
2001 0.396 0.388 0.557 -0.108 0.24 1.2183 "Down"
2001 -0.524 0.396 0.388 0.557 -0.108 0.9399 "Down"
2001 -1.142 -0.524 0.396 0.388 0.557 0.8117 "Down"
2001 0.327 -1.142 -0.524 0.396 0.388 1.012 "Down"
2001 -1.733 0.327 -1.142 -0.524 0.396 1.1246 "Down"
2001 -0.008 -1.733 0.327 -1.142 -0.524 1.1042 "Down"
2001 0.569 -0.008 -1.733 0.327 -1.142 0.9609 "Up"
2001 0.095 0.569 -0.008 -1.733 0.327 0.8376 "Down"
2001 -0.383 0.095 0.569 -0.008 -1.733 0.9646 "Up"
2001 -0.734 -0.383 0.095 0.569 -0.008 1.0656 "Down"
2001 0.309 -0.734 -0.383 0.095 0.569 1.0554 "Down"
2001 -1.666 0.309 -0.734 -0.383 0.095 0.9743 "Down"
2001 0.812 -1.666 0.309 -0.734 -0.383 0.8971 "Down"
2001 -1.208 0.812 -1.666 0.309 -0.734 1.0416 "Down"
2001 0.696 -1.208 0.812 -1.666 0.309 1.1108 "Down"
2001 -0.276 0.696 -1.208 0.812 -1.666 0.9862 "Up"
2001 1.965 -0.276 0.696 -1.208 0.812 1.0436 "Down"
2001 -0.483 1.965 -0.276 0.696 -1.208 0.8426 "Up"
2001 -1.501 -0.483 1.965 -0.276 0.696 0.9871 "Down"
2001 -1.115 -1.501 -0.483 1.965 -0.276 0.9637 "Down"
2001 -1.7 -1.115 -1.501 -0.483 1.965 1.157 "Up"
2001 0.403 -1.7 -1.115 -1.501 -0.483 0.9201 "Down"
2001 -0.056 0.403 -1.7 -1.115 -1.501 1.1783 "Up"
2001 -0.106 -0.056 0.403 -1.7 -1.115 1.3845 "Up"
2001 -2.239 -0.106 -0.056 0.403 -1.7 1.3597 "Up"
2001 -1.864 -2.239 -0.106 -0.056 0.403 1.4243 "Down"
2001 0.623 -1.864 -2.239 -0.106 -0.056 1.2766 "Down"
2001 -4.922 0.623 -1.864 -2.239 -0.106 2.33083 "Up"
2001 -0.58 -4.922 0.623 -1.864 -2.239 1.65041 "Up"
2001 -1.611 -0.58 -4.922 0.623 -1.864 2.12055 "Up"
2001 -3.106 -1.611 -0.58 -4.922 0.623 2.0048 "Up"
2001 -1.903 -3.106 -1.611 -0.58 -4.922 2.3173 "Up"
2001 3.898 -1.903 -3.106 -1.611 -0.58 1.7466 "Down"
2001 0.879 3.898 -1.903 -3.106 -1.611 1.6138 "Up"
2001 -0.517 0.879 3.898 -1.903 -3.106 1.5191 "Up"
2001 1.149 -0.517 0.879 3.898 -1.903 1.467 "Up"
2001 2.192 1.149 -0.517 0.879 3.898 1.6315 "Up"
2001 -0.23 2.192 1.149 -0.517 0.879 1.1756 "Up"
2001 1.231 -0.23 2.192 1.149 -0.517 1.2898 "Down"
2001 1.993 1.231 -0.23 2.192 1.149 1.6506 "Up"
2001 -0.247 1.993 1.231 -0.23 2.192 1.6091 "Up"
2001 0.164 -0.247 1.993 1.231 -0.23 1.3017 "Down"
2001 -0.834 0.164 -0.247 1.993 1.231 0.979 "Up"
2001 -0.536 -0.834 0.164 -0.247 1.993 1.2278 "Up"
2001 2.294 -0.536 -0.834 0.164 -0.247 1.3124 "Down"
2001 1.521 2.294 -0.536 -0.834 0.164 1.70458 "Down"
2001 -0.527 1.521 2.294 -0.536 -0.834 1.3314 "Up"
2001 -0.153 -0.527 1.521 2.294 -0.536 1.0247 "Down"
2001 0.694 -0.153 -0.527 1.521 2.294 1.2105 "Up"
2001 -1.863 0.694 -0.153 -0.527 1.521 1.4522 "Up"
2001 -0.787 -1.863 0.694 -0.153 -0.527 1.2629 "Down"
2001 0.456 -0.787 -1.863 0.694 -0.153 1.2949 "Down"
2001 1.53 0.456 -0.787 -1.863 0.694 1.1057 "Down"
2001 -0.47 1.53 0.456 -0.787 -1.863 1.3173 "Up"
2001 0.039 -0.47 1.53 0.456 -0.787 1.3362 "Down"
2001 1.372 0.039 -0.47 1.53 0.456 1.3644 "Down"
2001 0.411 1.372 0.039 -0.47 1.53 1.2445 "Up"
2001 -2.382 0.411 1.372 0.039 -0.47 1.1061 "Down"
2001 -1.717 -2.382 0.411 1.372 0.039 1.2974 "Down"
2001 -0.001 -1.717 -2.382 0.411 1.372 1.3525 "Up"
2001 2.295 -0.001 -1.717 -2.382 0.411 1.3174 "Down"
2001 0.286 2.295 -0.001 -1.717 -2.382 1.1219 "Up"
2001 1.439 0.286 2.295 -0.001 -1.717 1.2677 "Up"
2001 1.453 1.439 0.286 2.295 -0.001 1.356 "Down"
2001 -0.273 1.453 1.439 0.286 2.295 1.4113 "Up"
2001 0.246 -0.273 1.453 1.439 0.286 1.5175 "Down"
2001 0.158 0.246 -0.273 1.453 1.439 1.0938 "Up"
2001 -0.177 0.158 0.246 -0.273 1.453 0.9916 "Up"
2001 1.856 -0.177 0.158 0.246 -0.273 1.3701 "Down"
2001 0.186 1.856 -0.177 0.158 0.246 1.4434 "Down"
2001 0.09 0.186 1.856 -0.177 0.158 1.4545 "Down"
2001 -0.314 0.09 0.186 1.856 -0.177 1.3374 "Down"
2001 1.09 -0.314 0.09 0.186 1.856 1.3168 "Up"
2001 -0.73 1.09 -0.314 0.09 0.186 1.3302 "Down"
2001 -0.493 -0.73 1.09 -0.314 0.09 1.0293 "Down"
2001 1.171 -0.493 -0.73 1.09 -0.314 0.4103 "Down"
2001 0.615 1.171 -0.493 -0.73 1.09 1.1298 "Up"
2001 -0.684 0.615 1.171 -0.493 -0.73 1.288 "Down"
2001 -1.825 -0.684 0.615 1.171 -0.493 1.4237 "Down"
2001 1.035 -1.825 -0.684 0.615 1.171 1.3757 "Up"
2001 -0.066 1.035 -1.825 -0.684 0.615 1.3436 "Down"
2001 -0.838 -0.066 1.035 -1.825 -0.684 1.2029 "Down"
2001 1.319 -0.838 -0.066 1.035 -1.825 1.3185 "Up"
2001 2.232 1.319 -0.838 -0.066 1.035 1.7653 "Up"
2001 -0.278 2.232 1.319 -0.838 -0.066 1.4879 "Down"
2001 -0.753 -0.278 2.232 1.319 -0.838 1.2482 "Up"
2001 -1.587 -0.753 -0.278 2.232 1.319 1.2187 "Up"
2001 -0.278 -1.587 -0.753 -0.278 2.232 1.3672 "Up"
2001 0.027 -0.278 -1.587 -0.753 -0.278 1.4497 "Down"
2001 -1.556 0.027 -0.278 -1.587 -0.753 1.5115 "Down"
2001 0.331 -1.556 0.027 -0.278 -1.587 1.3068 "Up"
2001 1.003 0.331 -1.556 0.027 -0.278 1.2604 "Down"
2001 0.755 1.003 0.331 -1.556 0.027 1.354 "Down"
2001 0.581 0.755 1.003 0.331 -1.556 1.4849 "Up"
2001 -0.838 0.581 0.755 1.003 0.331 1.4905 "Down"
2001 0.435 -0.838 0.581 0.755 1.003 1.694 "Up"
2001 -0.021 0.435 -0.838 0.581 0.755 0.43967 "Down"
2001 0.412 -0.021 0.435 -0.838 0.581 0.7911 "Down"
2001 0.675 0.412 -0.021 0.435 -0.838 0.8763 "Down"
2001 0.336 0.675 0.412 -0.021 0.435 0.9174 "Down"
2002 -1.115 0.336 0.675 0.412 -0.021 0.9436 "Down"
2002 0.574 -1.115 0.336 0.675 0.412 1.171 "Down"
2002 0.918 0.574 -1.115 0.336 0.675 1.3989 "Down"
2002 0.621 0.918 0.574 -1.115 0.336 1.513 "Down"
2002 -0.65 0.621 0.918 0.574 -1.115 1.3083 "Up"
2002 -0.359 -0.65 0.621 0.918 0.574 1.2588 "Down"
2002 -0.48 -0.359 -0.65 0.621 0.918 1.452 "Up"
2002 0.122 -0.48 -0.359 -0.65 0.621 1.299 "Down"
2002 -0.947 0.122 -0.48 -0.359 -0.65 1.2119 "Down"
2002 -0.628 -0.947 0.122 -0.48 -0.359 1.2864 "Down"
2002 0.683 -0.628 -0.947 0.122 -0.48 1.3869 "Down"
2002 -1.625 0.683 -0.628 -0.947 0.122 1.4825 "Down"
2002 1.003 -1.625 0.683 -0.628 -0.947 1.3801 "Up"
2002 -0.992 1.003 -1.625 0.683 -0.628 1.3333 "Down"
2002 -0.733 -0.992 1.003 -1.625 0.683 1.3116 "Down"
2002 0.792 -0.733 -0.992 1.003 -1.625 1.4792 "Up"
2002 0.352 0.792 -0.733 -0.992 1.003 1.5528 "Up"
2002 0.1 0.352 0.792 -0.733 -0.992 1.3451 "Up"
2002 -0.019 0.1 0.352 0.792 -0.733 1.1868 "Down"
2002 -2.861 -0.019 0.1 0.352 0.792 1.812 "Up"
2002 1.175 -2.861 -0.019 0.1 0.352 2.0196 "Up"
2002 1.493 1.175 -2.861 -0.019 0.1 1.557 "Down"
2002 -0.708 1.493 1.175 -2.861 -0.019 1.3672 "Down"
2002 -2.474 -0.708 1.493 1.175 -2.861 1.4376 "Up"
2002 -0.404 -2.474 -0.708 1.493 1.175 1.7783 "Up"
2002 -0.597 -0.404 -2.474 -0.708 1.493 1.6658 "Up"
2002 -0.308 -0.597 -0.404 -2.474 -0.708 1.4416 "Down"
2002 1.486 -0.308 -0.597 -0.404 -2.474 1.3719 "Up"
2002 1.434 1.486 -0.308 -0.597 -0.404 1.1594 "Down"
2002 -0.399 1.434 1.486 -0.308 -0.597 1.0942 "Down"
2002 0.994 -0.399 1.434 1.486 -0.308 1.2159 "Down"
2002 -0.181 0.994 -0.399 1.434 1.486 1.2725 "Up"
2002 -1.102 -0.181 0.994 -0.399 1.434 1.3592 "Up"
2002 -1.887 -1.102 -0.181 0.994 -0.399 1.1899 "Down"
2002 1.351 -1.887 -1.102 -0.181 0.994 1.4389 "Up"
2002 -1.551 1.351 -1.887 -1.102 -0.181 1.3816 "Down"
2002 0.822 -1.551 1.351 -1.887 -1.102 1.411 "Up"
2002 1.798 0.822 -1.551 1.351 -1.887 1.3674 "Up"
2002 -0.005 1.798 0.822 -1.551 1.351 1.3092 "Up"
2002 0.046 -0.005 1.798 0.822 -1.551 1.3938 "Up"
2002 -0.285 0.046 -0.005 1.798 0.822 1.3922 "Up"
2002 2.263 -0.285 0.046 -0.005 1.798 1.4565 "Up"
2002 1.949 2.263 -0.285 0.046 -0.005 1.5943 "Down"
2002 -0.667 1.949 2.263 -0.285 0.046 1.5493 "Down"
2002 1.451 -0.667 1.949 2.263 -0.285 1.5413 "Down"
2002 -0.45 1.451 -0.667 1.949 2.263 1.5174 "Up"
2002 0.585 -0.45 1.451 -0.667 1.949 1.412 "Up"
2002 0.339 0.585 -0.45 1.451 -0.667 1.2102 "Down"
2002 -0.229 0.339 0.585 -0.45 1.451 1.3044 "Up"
2002 -0.986 -0.229 0.339 0.585 -0.45 1.354 "Down"
2002 -0.091 -0.986 -0.229 0.339 0.585 1.2088 "Down"
2002 1.138 -0.091 -0.986 -0.229 0.339 1.4939 "Down"
2002 -0.052 1.138 -0.091 -0.986 -0.229 1.1695 "Down"
2002 0.407 -0.052 1.138 -0.091 -0.986 1.255 "Up"
2002 -1.576 0.407 -0.052 1.138 -0.091 1.3049 "Down"
2002 0.151 -1.576 0.407 -0.052 1.138 1.3392 "Up"
2002 -0.424 0.151 -1.576 0.407 -0.052 1.2433 "Down"
2002 -1.465 -0.424 0.151 -1.576 0.407 1.0579 "Down"
2002 0.585 -1.465 -0.424 0.151 -1.576 1.2236 "Up"
2002 0.535 0.585 -1.465 -0.424 0.151 1.1801 "Down"
2002 0.246 0.535 0.585 -1.465 -0.424 1.1476 "Down"
2002 -0.074 0.246 0.535 0.585 -1.465 1.0509 "Up"
2002 -0.853 -0.074 0.246 0.535 0.585 1.1767 "Down"
2002 -0.999 -0.853 -0.074 0.246 0.535 1.2197 "Down"
2002 0.084 -0.999 -0.853 -0.074 0.246 1.2838 "Down"
2002 -0.321 0.084 -0.999 -0.853 -0.074 1.1102 "Down"
2002 0.228 -0.321 0.084 -0.999 -0.853 1.0953 "Down"
2002 -0.666 0.228 -0.321 0.084 -0.999 1.2354 "Up"
2002 1.133 -0.666 0.228 -0.321 0.084 1.4479 "Down"
2002 -2.369 1.133 -0.666 0.228 -0.321 1.5056 "Down"
2002 0.663 -2.369 1.133 -0.666 0.228 1.2821 "Down"
2002 -0.761 0.663 -2.369 1.133 -0.666 1.1204 "Down"
2002 2.342 -0.761 0.663 -2.369 1.133 1.3413 "Up"
2002 -0.204 2.342 -0.761 0.663 -2.369 1.3769 "Up"
2002 -0.142 -0.204 2.342 -0.761 0.663 1.3593 "Down"
2002 0.062 -0.142 -0.204 2.342 -0.761 1.185 "Down"
2002 -1.541 0.062 -0.142 -0.204 2.342 1.1818 "Up"
2002 -0.62 -1.541 0.062 -0.142 -0.204 1.3885 "Down"
2002 -0.71 -0.62 -1.541 0.062 -0.142 1.3732 "Down"
2002 -0.152 -0.71 -0.62 -1.541 0.062 1.5174 "Down"
2002 -1.389 -0.152 -0.71 -0.62 -1.541 1.3742 "Up"
2002 -1.01 -1.389 -0.152 -0.71 -0.62 1.3147 "Down"
2002 1.077 -1.01 -1.389 -0.152 -0.71 1.6286 "Down"
2002 0.886 1.077 -1.01 -1.389 -0.152 1.4514 "Down"
2002 -0.175 0.886 1.077 -1.01 -1.389 1.364 "Up"
2002 -1.026 -0.175 0.886 1.077 -1.01 1.2845 "Up"
2002 -1.934 -1.026 -0.175 0.886 1.077 1.1226 "Up"
2002 -0.302 -1.934 -1.026 -0.175 0.886 1.3547 "Up"
2002 3.75 -0.302 -1.934 -1.026 -0.175 1.502 "Down"
2002 -1.455 3.75 -0.302 -1.934 -1.026 1.153 "Up"
2002 -1.679 -1.455 3.75 -0.302 -1.934 1.1719 "Up"
2002 1.855 -1.679 -1.455 3.75 -0.302 1.0886 "Down"
2002 2.114 1.855 -1.679 -1.455 3.75 1.4145 "Up"
2002 -0.566 2.114 1.855 -1.679 -1.455 1.4202 "Up"
2002 0.656 -0.566 2.114 1.855 -1.679 1.2566 "Up"
2002 0.761 0.656 -0.566 2.114 1.855 1.2744 "Up"
2002 -1.329 0.761 0.656 -0.566 2.114 0.9898 "Up"
2002 -1.099 -1.329 0.761 0.656 -0.566 1.2005 "Down"
2002 0.569 -1.099 -1.329 0.761 0.656 1.1363 "Down"
2002 1.018 0.569 -1.099 -1.329 0.761 1.1929 "Down"
2002 -1.209 1.018 0.569 -1.099 -1.329 0.8854 "Up"
2002 -0.855 -1.209 1.018 0.569 -1.099 0.9965 "Up"
2002 -0.641 -0.855 -1.209 1.018 0.569 1.0818 "Down"
2002 -0.281 -0.641 -0.855 -1.209 1.018 1.2866 "Up"
2002 0.233 -0.281 -0.641 -0.855 -1.209 1.2773 "Up"
2002 -2.48 0.233 -0.281 -0.641 -0.855 1.3243 "Up"
2002 0.001 -2.48 0.233 -0.281 -0.641 1.4666 "Down"
2002 0.885 0.001 -2.48 0.233 -0.281 1.3001 "Down"
2002 -1.976 0.885 0.001 -2.48 0.233 1.6015 "Down"
2002 -0.157 -1.976 0.885 0.001 -2.48 1.3413 "Up"
2002 0.312 -0.157 -1.976 0.885 0.001 1.2262 "Down"
2002 -1.663 0.312 -0.157 -1.976 0.885 1.2124 "Up"
2002 0.657 -1.663 0.312 -0.157 -1.976 1.79572 "Up"
2002 -1.049 0.657 -1.663 0.312 -0.157 1.4055 "Down"
2002 -0.227 -1.049 0.657 -1.663 0.312 1.549 "Down"
2002 2.869 -0.227 -1.049 0.657 -1.663 1.2366 "Up"
2002 0.094 2.869 -0.227 -1.049 0.657 1.1931 "Down"
2002 -1.654 0.094 2.869 -0.227 -1.049 1.3361 "Up"
2002 -1.343 -1.654 0.094 2.869 -0.227 1.3897 "Down"
2002 -1.704 -1.343 -1.654 0.094 2.869 1.4972 "Up"
2002 0.362 -1.704 -1.343 -1.654 0.094 1.5526 "Down"
2002 -1.67 0.362 -1.704 -1.343 -1.654 1.5137 "Up"
2002 -0.267 -1.67 0.362 -1.704 -1.343 2.01429 "Up"
2002 1.758 -0.267 -1.67 0.362 -1.704 1.9086 "Up"
2002 -0.083 1.758 -0.267 -1.67 0.362 2.117 "Up"
2002 -2.139 -0.083 1.758 -0.267 -1.67 1.4255 "Up"
2002 -2.123 -2.139 -0.083 1.758 -0.267 1.823 "Down"
2002 0.622 -2.123 -2.139 -0.083 1.758 1.5278 "Up"
2002 3.673 0.622 -2.123 -2.139 -0.083 0.6994 "Down"
2002 -1.218 3.673 0.622 -2.123 -2.139 1.1844 "Up"
2002 -2.472 -1.218 3.673 0.622 -2.123 1.3489 "Up"
2002 -3.396 -2.472 -1.218 3.673 0.622 1.8169 "Up"
2002 0.75 -3.396 -2.472 -1.218 3.673 2.08048 "Up"
2002 -0.645 0.75 -3.396 -2.472 -1.218 1.6074 "Up"
2002 -0.376 -0.645 0.75 -3.396 -2.472 2.5748 "Up"
2002 -1.851 -0.376 -0.645 0.75 -3.396 1.8437 "Up"
2002 0.566 -1.851 -0.376 -0.645 0.75 2.5665 "Up"
2002 -2.702 0.566 -1.851 -0.376 -0.645 1.7363 "Down"
2002 -3.835 -2.702 0.566 -1.851 -0.376 2.6541 "Up"
2002 -3.291 -3.835 -2.702 0.566 -1.851 2.24806 "Up"
2002 -2.702 -3.291 -3.835 -2.702 0.566 2.44102 "Up"
2002 5.733 -2.702 -3.291 -3.835 -2.702 2.77556 "Up"
2002 -0.563 5.733 -2.702 -3.291 -3.835 2.4247 "Up"
2002 1.688 -0.563 5.733 -2.702 -3.291 1.7961 "Up"
2002 5.408 1.688 -0.563 5.733 -2.702 1.77865 "Up"
2002 0.425 5.408 1.688 -0.563 5.733 1.82609 "Up"
2002 0.979 0.425 5.408 1.688 -0.563 2.04936 "Up"
2002 -2.957 0.979 0.425 5.408 1.688 1.6722 "Up"
2002 -2.308 -2.957 0.979 0.425 5.408 1.5381 "Up"
2002 -3.43 -2.308 -2.957 0.979 0.425 1.4255 "Down"
2002 2.992 -3.43 -2.308 -2.957 0.979 1.5141 "Up"
2002 2.001 2.992 -3.43 -2.308 -2.957 1.4904 "Up"
2002 3.272 2.001 2.992 -3.43 -2.308 1.6467 "Up"
2002 0.351 3.272 2.001 2.992 -3.43 1.2949 "Up"
2002 -0.533 0.351 3.272 2.001 2.992 1.0365 "Up"
2002 -2.168 -0.533 0.351 3.272 2.001 1.2977 "Up"
2002 4.005 -2.168 -0.533 0.351 3.272 1.5338 "Up"
2002 1.156 4.005 -2.168 -0.533 0.351 1.5051 "Down"
2002 -0.159 1.156 4.005 -2.168 -0.533 1.2653 "Down"
2002 2.361 -0.159 1.156 4.005 -2.168 1.2998 "Up"
2002 -1.396 2.361 -0.159 1.156 4.005 1.3085 "Up"
2002 1.273 -1.396 2.361 -0.159 1.156 1.3531 "Up"
2002 1.405 1.273 -1.396 2.361 -0.159 1.373 "Down"
2002 -2.269 1.405 1.273 -1.396 2.361 1.0715 "Up"
2002 0.754 -2.269 1.405 1.273 -1.396 1.0169 "Up"
2002 -1.385 0.754 -2.269 1.405 1.273 1.3077 "Up"
2002 -1.813 -1.385 0.754 -2.269 1.405 1.1466 "Up"
2002 -0.008 -1.813 -1.385 0.754 -2.269 1.2711 "Up"
2002 -0.188 -0.008 -1.813 -1.385 0.754 0.9299 "Down"
2002 -4.154 -0.188 -0.008 -1.813 -1.385 1.2898 "Up"
2002 1.752 -4.154 -0.188 -0.008 -1.813 1.3721 "Up"
2002 -1.595 1.752 -4.154 -0.188 -0.008 1.4013 "Down"
2002 1.68 -1.595 1.752 -4.154 -0.188 1.1845 "Down"
2002 1.011 1.68 -1.595 1.752 -4.154 1.1306 "Up"
2002 0.733 1.011 1.68 -1.595 1.752 1.1864 "Up"
2002 -0.014 0.733 1.011 1.68 -1.595 0.8466 "Up"
2002 -2.478 -0.014 0.733 1.011 1.68 1.1916 "Up"
2002 0.327 -2.478 -0.014 0.733 1.011 1.271 "Up"
2002 0.145 0.327 -2.478 -0.014 0.733 1.0014 "Down"
2002 -1.973 0.145 0.327 -2.478 -0.014 1.4486 "Down"
2002 -0.465 -1.973 0.145 0.327 -2.478 1.501 "Up"
2002 -3.006 -0.465 -1.973 0.145 0.327 1.524 "Down"
2002 0.245 -3.006 -0.465 -1.973 0.145 1.7928 "Down"
2002 -1.383 0.245 -3.006 -0.465 -1.973 1.3811 "Up"
2002 -1.728 -1.383 0.245 -3.006 -0.465 1.67024 "Down"
2002 2.486 -1.728 -1.383 0.245 -3.006 1.6515 "Up"
2002 1.821 2.486 -1.728 -1.383 0.245 1.65 "Down"
2002 -3.226 1.821 2.486 -1.728 -1.383 1.5073 "Up"
2002 -1.461 -3.226 1.821 2.486 -1.728 1.72187 "Up"
2002 4.002 -1.461 -3.226 1.821 2.486 1.7809 "Up"
2002 -2.359 4.002 -1.461 -3.226 1.821 1.6689 "Up"
2002 -1.082 -2.359 4.002 -1.461 -3.226 1.6745 "Up"
2002 -2.243 -1.082 -2.359 4.002 -1.461 1.83593 "Up"
2002 -1.911 -2.243 -1.082 -2.359 4.002 1.5765 "Up"
2002 1.69 -1.911 -2.243 -1.082 -2.359 1.93843 "Up"
2002 -2.729 1.69 -1.911 -2.243 -1.082 1.88503 "Up"
2002 3.497 -2.729 1.69 -1.911 -2.243 2.09023 "Up"
2002 3.906 3.497 -2.729 1.69 -1.911 1.85413 "Up"
2002 0.733 3.906 3.497 -2.729 1.69 1.2003 "Up"
2002 4.734 0.733 3.906 3.497 -2.729 1.956 "Up"
2002 -2.411 4.734 0.733 3.906 3.497 1.585 "Up"
2002 2.23 -2.411 4.734 0.733 3.906 1.78039 "Up"
2002 0.59 2.23 -2.411 4.734 0.733 1.4231 "Down"
2002 1.733 0.59 2.23 -2.411 4.734 1.447 "Up"
2002 -1.063 1.733 0.59 2.23 -2.411 1.5492 "Up"
2002 0.672 -1.063 1.733 0.59 2.23 1.5939 "Up"
2002 -1.522 0.672 -1.063 1.733 0.59 1.70057 "Down"
2002 1.717 -1.522 0.672 -1.063 1.733 1.3404 "Up"
2002 -0.827 1.717 -1.522 0.672 -1.063 1.3826 "Up"
2002 -0.908 -0.827 1.717 -1.522 0.672 1.5297 "Down"
2002 0.97 -0.908 -0.827 1.717 -1.522 1.4223 "Up"
2002 -0.556 0.97 -0.908 -0.827 1.717 1.6413 "Up"
2002 1.716 -0.556 0.97 -0.908 -0.827 1.4504 "Up"
2002 0.82 1.716 -0.556 0.97 -0.908 1.6459 "Up"
2002 0.775 0.82 1.716 -0.556 0.97 1.3541 "Up"
2002 0.914 0.775 0.82 1.716 -0.556 1.674 "Down"
2002 -2.285 0.914 0.775 0.82 1.716 1.4669 "Up"
2002 -0.876 -2.285 0.914 0.775 0.82 1.4465 "Up"
2002 -2.073 -0.876 -2.285 0.914 0.775 1.113 "Down"
2002 0.772 -2.073 -0.876 -2.285 0.914 1.3771 "Up"
2002 -0.048 0.772 -2.073 -0.876 -2.285 1.4634 "Up"
2002 2.463 -0.048 0.772 -2.073 -0.876 1.519 "Up"
2002 0.615 2.463 -0.048 0.772 -2.073 1.4001 "Up"
2002 -1.041 0.615 2.463 -0.048 0.772 1.2826 "Down"
2002 -0.402 -1.041 0.615 2.463 -0.048 1.3374 "Down"
2002 1.941 -0.402 -1.041 0.615 2.463 1.5173 "Up"
2002 2.145 1.941 -0.402 -1.041 0.615 2.4151 "Up"
2002 -0.344 2.145 1.941 -0.402 -1.041 1.6268 "Up"
2002 0.249 -0.344 2.145 1.941 -0.402 1.574 "Down"
2002 -2.097 0.249 -0.344 2.145 1.941 1.5436 "Up"
2002 2.799 -2.097 0.249 -0.344 2.145 1.3503 "Up"
2002 -0.273 2.799 -2.097 0.249 -0.344 0.64346 "Down"
2002 -0.19 -0.273 2.799 -2.097 0.249 1.612 "Down"
2002 -1.475 -0.19 -0.273 2.799 -2.097 1.4884 "Up"
2002 -0.344 -1.475 -0.19 -0.273 2.799 1.5889 "Up"
2002 -1.202 -0.344 -1.475 -0.19 -0.273 1.2502 "Down"
2002 0.627 -1.202 -0.344 -1.475 -0.19 1.2411 "Down"
2002 -2.218 0.627 -1.202 -0.344 -1.475 1.3208 "Up"
2002 1.396 -2.218 0.627 -1.202 -0.344 1.2866 "Down"
2002 0.056 1.396 -2.218 0.627 -1.202 1.2851 "Up"
2002 -0.373 0.056 1.396 -2.218 0.627 1.2553 "Down"
2002 -1.342 -0.373 0.056 1.396 -2.218 1.3308 "Up"
2002 2.352 -1.342 -0.373 0.056 1.396 1.2716 "Up"
2002 -0.814 2.352 -1.342 -0.373 0.056 1.2518 "Down"
2002 -1.315 -0.814 2.352 -1.342 -0.373 1.4462 "Down"
2002 -0.771 -1.315 -0.814 2.352 -1.342 1.3859 "Up"
2002 1.302 -0.771 -1.315 -0.814 2.352 1.78273 "Up"
2002 0.181 1.302 -0.771 -1.315 -0.814 1.1121 "Down"
2002 -0.547 0.181 1.302 -0.771 -1.315 0.45831 "Up"
2002 -0.315 -0.547 0.181 1.302 -0.771 0.7211 "Down"
2002 -1.603 -0.315 -0.547 0.181 1.302 0.7584 "Up"
2002 0.456 -1.603 -0.315 -0.547 0.181 1.0578 "Down"
2003 0.049 0.456 -1.603 -0.315 -0.547 1.0885 "Down"
2003 3.32 0.049 0.456 -1.603 -0.315 1.2292 "Down"
2003 -0.048 3.32 0.049 0.456 -1.603 1.1308 "Up"
2003 2.247 -0.048 3.32 0.049 0.456 1.4359 "Down"
2003 -0.654 2.247 -0.048 3.32 0.049 1.5452 "Down"
2003 -1.409 -0.654 2.247 -0.048 3.32 1.4676 "Up"
2003 1.939 -1.409 -0.654 2.247 -0.048 1.5603 "Down"
2003 0 1.939 -1.409 -0.654 2.247 1.4854 "Up"
2003 -0.141 0 1.939 -1.409 -0.654 1.3963 "Down"
2003 0.583 -0.141 0 1.939 -1.409 1.3794 "Up"
2003 -1.443 0.583 -0.141 0 1.939 1.4321 "Up"
2003 -0.394 -1.443 0.583 -0.141 0 1.5346 "Down"
2003 -1.402 -0.394 -1.443 0.583 -0.141 1.3582 "Down"
2003 -1.57 -1.402 -0.394 -1.443 0.583 1.3352 "Down"
2003 -1.043 -1.57 -1.402 -0.394 -1.443 1.5608 "Up"
2003 1.022 -1.043 -1.57 -1.402 -0.394 1.74455 "Down"
2003 -2.923 1.022 -1.043 -1.57 -1.402 1.5748 "Up"
2003 -1.616 -2.923 1.022 -1.043 -1.57 1.4359 "Up"
2003 1.305 -1.616 -2.923 1.022 -1.043 1.4591 "Up"
2003 0.678 1.305 -1.616 -2.923 1.022 1.5954 "Up"
2003 -2.285 0.678 1.305 -1.616 -2.923 1.5103 "Up"
2003 1.313 -2.285 0.678 1.305 -1.616 1.57853 "Up"
2003 0.54 1.313 -2.285 0.678 1.305 1.2585 "Up"
2003 -1.409 0.54 1.313 -2.285 0.678 1.4516 "Down"
2003 -0.544 -1.409 0.54 1.313 -2.285 1.4508 "Up"
2003 -0.645 -0.544 -1.409 0.54 1.313 1.4309 "Up"
2003 -1.009 -0.645 -0.544 -1.409 0.54 1.2768 "Down"
2003 0.757 -1.009 -0.645 -0.544 -1.409 1.2382 "Up"
2003 -0.81 0.757 -1.009 -0.645 -0.544 1.307 "Down"
2003 -1.269 -0.81 0.757 -1.009 -0.645 1.2605 "Down"
2003 -0.16 -1.269 -0.81 0.757 -1.009 1.4893 "Up"
2003 2.143 -0.16 -1.269 -0.81 0.757 1.4046 "Down"
2003 1.95 2.143 -0.16 -1.269 -0.81 1.2508 "Down"
2003 -0.71 1.95 2.143 -0.16 -1.269 1.0756 "Up"
2003 -0.95 -0.71 1.95 2.143 -0.16 1.1941 "Down"
2003 1.322 -0.95 -0.71 1.95 2.143 1.3982 "Up"
2003 -1.838 1.322 -0.95 -0.71 1.95 1.2292 "Up"
2003 0.719 -1.838 1.322 -0.95 -0.71 1.4837 "Down"
2003 -1.314 0.719 -1.838 1.322 -0.95 1.3744 "Up"
2003 1.176 -1.314 0.719 -1.838 1.322 1.2878 "Up"
2003 0.462 1.176 -1.314 0.719 -1.838 1.3733 "Up"
2003 -0.754 0.462 1.176 -1.314 0.719 1.2089 "Down"
2003 -1.536 -0.754 0.462 1.176 -1.314 1.2566 "Up"
2003 0.956 -1.536 -0.754 0.462 1.176 1.3327 "Up"
2003 -0.934 0.956 -1.536 -0.754 0.462 1.2992 "Down"
2003 0.826 -0.934 0.956 -1.536 -0.754 1.3685 "Down"
2003 -2.583 0.826 -0.934 0.956 -1.536 1.255 "Up"
2003 -0.836 -2.583 0.826 -0.934 0.956 1.4277 "Up"
2003 0.432 -0.836 -2.583 0.826 -0.934 1.62 "Up"
2003 3.446 0.432 -0.836 -2.583 0.826 1.8163 "Up"
2003 0.165 3.446 0.432 -0.836 -2.583 1.5419 "Up"
2003 3.543 0.165 3.446 0.432 -0.836 1.70042 "Up"
2003 0.424 3.543 0.165 3.446 0.432 1.5551 "Down"
2003 0.874 0.424 3.543 0.165 3.446 1.4734 "Up"
2003 0.189 0.874 0.424 3.543 0.165 1.4391 "Down"
2003 2.298 0.189 0.874 0.424 3.543 1.88371 "Up"
2003 -3.523 2.298 0.189 0.874 0.424 1.293 "Down"
2003 1.216 -3.523 2.298 0.189 0.874 1.3334 "Up"
2003 -0.548 1.216 -3.523 2.298 0.189 1.3197 "Down"
2003 -0.164 -0.548 1.216 -3.523 2.298 1.2329 "Up"
2003 -0.578 -0.164 -0.548 1.216 -3.523 1.227 "Up"
2003 -1.774 -0.578 -0.164 -0.548 1.216 1.4955 "Up"
2003 1.214 -1.774 -0.578 -0.164 -0.548 1.4616 "Down"
2003 2.612 1.214 -1.774 -0.578 -0.164 1.5898 "Down"
2003 -0.505 2.612 1.214 -1.774 -0.578 1.3395 "Down"
2003 0.274 -0.505 2.612 1.214 -1.774 1.2412 "Up"
2003 0.123 0.274 -0.505 2.612 1.214 1.494 "Up"
2003 -0.186 0.123 0.274 -0.505 2.612 1.2354 "Up"
2003 -1.4 -0.186 0.123 0.274 -0.505 1.2937 "Down"
2003 0.646 -1.4 -0.186 0.123 0.274 1.2753 "Down"
2003 -0.376 0.646 -1.4 -0.186 0.123 1.1416 "Down"
2003 1.95 -0.376 0.646 -1.4 -0.186 1.131 "Down"
2003 0.63 1.95 -0.376 0.646 -1.4 1.4602 "Up"
2003 -1.224 0.63 1.95 -0.376 0.646 1.5876 "Down"
2003 1.554 -1.224 0.63 1.95 -0.376 1.4306 "Down"
2003 -0.176 1.554 -1.224 0.63 1.95 1.1187 "Up"
2003 2.17 -0.176 1.554 -1.224 0.63 1.6312 "Down"
2003 0.839 2.17 -0.176 1.554 -1.224 1.6672 "Up"
2003 -0.826 0.839 2.17 -0.176 1.554 1.6481 "Up"
2003 -1.385 -0.826 0.839 2.17 -0.176 1.3358 "Down"
2003 1.783 -1.385 -0.826 0.839 2.17 1.273 "Up"
2003 0.328 1.783 -1.385 -0.826 0.839 1.5256 "Up"
2003 -0.1 0.328 1.783 -1.385 -0.826 1.78851 "Up"
2003 -0.068 -0.1 0.328 1.783 -1.385 1.3975 "Up"
2003 1.504 -0.068 -0.1 0.328 1.783 1.5543 "Up"
2003 -0.38 1.504 -0.068 -0.1 0.328 1.4463 "Down"
2003 0.846 -0.38 1.504 -0.068 -0.1 1.6496 "Down"
2003 -0.51 0.846 -0.38 1.504 -0.068 1.5319 "Down"
2003 -1.006 -0.51 0.846 -0.38 1.504 1.3796 "Up"
2003 1.428 -1.006 -0.51 0.846 -0.38 1.3261 "Down"
2003 1.253 1.428 -1.006 -0.51 0.846 1.3788 "Up"
2003 -0.297 1.253 1.428 -1.006 -0.51 1.4181 "Down"
2003 -0.32 -0.297 1.253 1.428 -1.006 1.4018 "Up"
2003 0.787 -0.32 -0.297 1.253 1.428 1.5087 "Up"
2003 -0.25 0.787 -0.32 -0.297 1.253 1.5055 "Up"
2003 -2.492 -0.25 0.787 -0.32 -0.297 1.3757 "Down"
2003 -0.113 -2.492 -0.25 0.787 -0.32 1.5053 "Down"
2003 0.401 -0.113 -2.492 -0.25 0.787 1.4578 "Up"
2003 0.915 0.401 -0.113 -2.492 -0.25 1.4485 "Down"
2003 0.145 0.915 0.401 -0.113 -2.492 1.201 "Up"
2003 1.957 0.145 0.915 0.401 -0.113 1.532 "Down"
2003 0.183 1.957 0.145 0.915 0.401 1.559 "Down"
2003 -0.376 0.183 1.957 0.145 0.915 1.6858 "Up"
2003 1.469 -0.376 0.183 1.957 0.145 1.6888 "Down"
2003 0.354 1.469 -0.376 0.183 1.957 1.6625 "Up"
2003 0.472 0.354 1.469 -0.376 0.183 1.4502 "Down"
2003 1.511 0.472 0.354 1.469 -0.376 1.6187 "Down"
2003 0.395 1.511 0.472 0.354 1.469 1.6931 "Up"
2003 -0.24 0.395 1.511 0.472 0.354 1.8372 "Down"
2003 -1.198 -0.24 0.395 1.511 0.472 1.307 "Down"
2003 0.913 -1.198 -0.24 0.395 1.511 1.2754 "Up"
2003 1.283 0.913 -1.198 -0.24 0.395 1.52 "Down"
2003 0.103 1.283 0.913 -1.198 -0.24 1.5531 "Down"
2003 -0.991 0.103 1.283 0.913 -1.198 1.2716 "Up"
2003 2.238 -0.991 0.103 1.283 0.913 1.3459 "Up"
2003 0.091 2.238 -0.991 0.103 1.283 1.4797 "Up"
2003 -0.155 0.091 2.238 -0.991 0.103 1.4889 "Down"
2003 -1.524 -0.155 0.091 2.238 -0.991 1.5301 "Up"
2003 0.1 -1.524 -0.155 0.091 2.238 1.698 "Up"
2003 -1.411 0.1 -1.524 -0.155 0.091 1.3981 "Down"
2003 0.184 -1.411 0.1 -1.524 -0.155 1.3883 "Down"
2003 -0.827 0.184 -1.411 0.1 -1.524 1.4592 "Up"
2003 1.077 -0.827 0.184 -1.411 0.1 1.3874 "Down"
2003 -0.974 1.077 -0.827 0.184 -1.411 1.2678 "Up"
2003 -0.176 -0.974 1.077 -0.827 0.184 1.5872 "Down"
2003 0.802 -0.176 -0.974 1.077 -0.827 1.4602 "Up"
2003 1.164 0.802 -0.176 -0.974 1.077 1.5193 "Up"
2003 -0.81 1.164 0.802 -0.176 -0.974 0.7759 "Up"
2003 1.899 -0.81 1.164 0.802 -0.176 1.4291 "Down"
2003 0.34 1.899 -0.81 1.164 0.802 1.5657 "Up"
2003 -0.559 0.34 1.899 -0.81 1.164 1.618 "Up"
2003 -1.348 -0.559 0.34 1.899 -0.81 1.4657 "Up"
2003 0.955 -1.348 -0.559 0.34 1.899 1.2127 "Up"
2003 0.573 0.955 -1.348 -0.559 0.34 1.4489 "Down"
2003 -0.343 0.573 0.955 -1.348 -0.559 1.5186 "Down"
2003 -0.633 -0.343 0.573 0.955 -1.348 1.662 "Up"
2003 -1.243 -0.633 -0.343 0.573 0.955 1.6614 "Up"
2003 1.181 -1.243 -0.633 -0.343 0.573 1.3652 "Down"
2003 -1.462 1.181 -1.243 -0.633 -0.343 1.2542 "Down"
2003 0.951 -1.462 1.181 -1.243 -0.633 1.4397 "Down"
2003 0.051 0.951 -1.462 1.181 -1.243 1.3627 "Up"
2003 -0.709 0.051 0.951 -1.462 1.181 1.559 "Up"
2003 1.74 -0.709 0.051 0.951 -1.462 1.3975 "Up"
2003 -0.216 1.74 -0.709 0.051 0.951 1.3286 "Up"
2003 -0.727 -0.216 1.74 -0.709 0.051 1.5089 "Down"
2003 -0.181 -0.727 -0.216 1.74 -0.709 1.3919 "Down"
2003 0.286 -0.181 -0.727 -0.216 1.74 1.608 "Up"
2003 -1.026 0.286 -0.181 -0.727 -0.216 1.3906 "Down"
2003 0.272 -1.026 0.286 -0.181 -0.727 1.3187 "Down"
2003 -1.766 0.272 -1.026 0.286 -0.181 1.3517 "Down"
2003 0.168 -1.766 0.272 -1.026 0.286 1.491 "Down"
2003 0.728 0.168 -1.766 0.272 -1.026 1.3893 "Up"
2003 0.356 0.728 0.168 -1.766 0.272 1.0866 "Down"
2003 0.307 0.356 0.728 0.168 -1.766 1.0222 "Up"
2003 0.995 0.307 0.356 0.728 0.168 1.1323 "Down"
2003 -0.638 0.995 0.307 0.356 0.728 1.2088 "Down"
2003 0.659 -0.638 0.995 0.307 0.356 1.1868 "Down"
2003 0.016 0.659 -0.638 0.995 0.307 0.63637 "Down"
2003 0.916 0.016 0.659 -0.638 0.995 1.1276 "Up"
2003 0.261 0.916 0.016 0.659 -0.638 1.3006 "Down"
2003 -0.205 0.261 0.916 0.016 0.659 1.2108 "Down"
2003 0.297 -0.205 0.261 0.916 0.016 1.4071 "Down"
2003 -1.018 0.297 -0.205 0.261 0.916 1.3089 "Up"
2003 0.065 -1.018 0.297 -0.205 0.261 0.9717 "Down"
2003 0.304 0.065 -1.018 0.297 -0.205 1.1787 "Down"
2003 0.006 0.304 0.065 -1.018 0.297 1.0514 "Down"
2003 0.607 0.006 0.304 0.065 -1.018 1.1652 "Up"
2003 0.516 0.607 0.006 0.304 0.065 0.9451 "Down"
2003 1.387 0.516 0.607 0.006 0.304 1.4705 "Down"
2003 0.419 1.387 0.516 0.607 0.006 1.6756 "Down"
2003 0.166 0.419 1.387 0.516 0.607 1.4539 "Down"
2003 -0.64 0.166 0.419 1.387 0.516 1.4652 "Down"
2003 1.004 -0.64 0.166 0.419 1.387 1.2993 "Up"
2003 -0.821 1.004 -0.64 0.166 0.419 1.4148 "Down"
2003 -1.197 -0.821 1.004 -0.64 0.166 1.5821 "Down"
2003 0.544 -1.197 -0.821 1.004 -0.64 1.3359 "Down"
2003 0.217 0.544 -1.197 -0.821 1.004 1.2367 "Up"
2003 -0.375 0.217 0.544 -1.197 -0.821 1.1513 "Down"
2003 1.43 -0.375 0.217 0.544 -1.197 1.4032 "Up"
2003 -0.325 1.43 -0.375 0.217 0.544 1.33821 "Down"
2003 1.327 -0.325 1.43 -0.375 0.217 1.4988 "Down"
2003 -0.316 1.327 -0.325 1.43 -0.375 1.5186 "Down"
2003 -1.301 -0.316 1.327 -0.325 1.43 1.2788 "Up"
2003 0.607 -1.301 -0.316 1.327 -0.325 1.3017 "Down"
2003 -1.91 0.607 -1.301 -0.316 1.327 1.556 "Up"
2003 -0.605 -1.91 0.607 -1.301 -0.316 1.53 "Down"
2003 -0.64 -0.605 -1.91 0.607 -1.301 1.4725 "Up"
2003 0.976 -0.64 -0.605 -1.91 0.607 1.3665 "Down"
2003 -1.054 0.976 -0.64 -0.605 -1.91 1.5905 "Up"
2003 2.234 -1.054 0.976 -0.64 -0.605 1.5663 "Down"
2003 0.198 2.234 -1.054 0.976 -0.64 1.2693 "Down"
2003 0.942 0.198 2.234 -1.054 0.976 1.5705 "Up"
2003 0.437 0.942 0.198 2.234 -1.054 1.0258 "Up"
2003 0.474 0.437 0.942 0.198 2.234 1.2795 "Up"
2003 -0.526 0.474 0.437 0.942 0.198 1.2625 "Down"
2003 0.479 -0.526 0.474 0.437 0.942 1.5787 "Up"
2003 -0.065 0.479 -0.526 0.474 0.437 1.1081 "Down"
2003 0.702 -0.065 0.479 -0.526 0.474 1.0405 "Down"
2003 0.395 0.702 -0.065 0.479 -0.526 1.2719 "Down"
2003 -0.259 0.395 0.702 -0.065 0.479 1.5211 "Down"
2003 0.316 -0.259 0.395 0.702 -0.065 1.4177 "Down"
2003 -1.024 0.316 -0.259 0.395 0.702 1.352 "Down"
2003 0.516 -1.024 0.316 -0.259 0.395 1.1726 "Down"
2003 0.129 0.516 -1.024 0.316 -0.259 1.498 "Down"
2003 -1.498 0.129 0.516 -1.024 0.316 1.6472 "Down"
2003 0.331 -1.498 0.129 0.516 -1.024 1.6043 "Up"
2003 -0.47 0.331 -1.498 0.129 0.516 1.4203 "Down"
2003 0.216 -0.47 0.331 -1.498 0.129 1.3718 "Down"
2003 1.519 0.216 -0.47 0.331 -1.498 1.6292 "Up"
2003 0.126 1.519 0.216 -0.47 0.331 1.5626 "Down"
2003 -0.112 0.126 1.519 0.216 -0.47 1.6297 "Down"
2003 0.36 -0.112 0.126 1.519 0.216 1.4989 "Down"
2003 0.791 0.36 -0.112 0.126 1.519 1.3782 "Up"
2003 -0.545 0.791 0.36 -0.112 0.126 1.4176 "Down"
2003 -0.137 -0.545 0.791 0.36 -0.112 1.4018 "Down"
2003 0.593 -0.137 -0.545 0.791 0.36 1.4539 "Down"
2003 -0.457 0.593 -0.137 -0.545 0.791 1.4405 "Up"
2003 -0.579 -0.457 0.593 -0.137 -0.545 1.2436 "Down"
2003 -0.052 -0.579 -0.457 0.593 -0.137 1.1625 "Down"
2003 1.143 -0.052 -0.579 -0.457 0.593 1.3493 "Down"
2003 -0.011 1.143 -0.052 -0.579 -0.457 1.383 "Down"
2003 -0.762 -0.011 1.143 -0.052 -0.579 1.3561 "Down"
2003 -0.64 -0.762 -0.011 1.143 -0.052 1.3743 "Down"
2003 -0.908 -0.64 -0.762 -0.011 1.143 1.3543 "Up"
2003 0.802 -0.908 -0.64 -0.762 -0.011 1.3262 "Down"
2003 -0.843 0.802 -0.908 -0.64 -0.762 1.3267 "Down"
2003 0.158 -0.843 0.802 -0.908 -0.64 1.2738 "Down"
2003 1.623 0.158 -0.843 0.802 -0.908 1.3028 "Up"
2003 0.172 1.623 0.158 -0.843 0.802 1.3337 "Down"
2003 0.433 0.172 1.623 0.158 -0.843 1.0977 "Down"
2003 -0.024 0.433 0.172 1.623 0.158 0.48722 "Down"
2003 1.126 -0.024 0.433 0.172 1.623 1.375 "Up"
2003 -0.327 1.126 -0.024 0.433 0.172 1.3832 "Down"
2003 -0.177 -0.327 1.126 -0.024 0.433 1.4417 "Down"
2003 0.469 -0.177 -0.327 1.126 -0.024 1.4631 "Down"
2003 -0.768 0.469 -0.177 -0.327 1.126 1.2659 "Up"
2003 0.735 -0.768 0.469 -0.177 -0.327 1.2189 "Down"
2003 -0.853 0.735 -0.768 0.469 -0.177 1.4655 "Down"
2003 -0.107 -0.853 0.735 -0.768 0.469 1.444 "Down"
2003 1.148 -0.107 -0.853 0.735 -0.768 1.4411 "Down"
2003 0.274 1.148 -0.107 -0.853 0.735 1.2231 "Down"
2003 -0.568 0.274 1.148 -0.107 -0.853 1.5208 "Up"
2003 0.664 -0.568 0.274 1.148 -0.107 1.5479 "Down"
2003 0.126 0.664 -0.568 0.274 1.148 1.4417 "Up"
2003 1.18 0.126 0.664 -0.568 0.274 1.5799 "Down"
2003 -0.048 1.18 0.126 0.664 -0.568 1.6573 "Down"
2003 0.393 -0.048 1.18 0.126 0.664 1.2517 "Down"
2003 0.282 0.393 -0.048 1.18 0.126 1.1453 "Down"
2003 -0.181 0.282 0.393 -0.048 1.18 0.51806 "Up"
2003 0.169 -0.181 0.282 0.393 -0.048 0.35607 "Down"
2003 1.24 0.169 -0.181 0.282 0.393 1.0588 "Down"
2003 0.014 1.24 0.169 -0.181 0.282 1.0126 "Down"
2004 0.205 0.014 1.24 0.169 -0.181 1.0275 "Down"
2004 -0.309 0.205 0.014 1.24 0.169 1.1532 "Down"
2004 1.24 -0.309 0.205 0.014 1.24 1.5782 "Up"
2004 0.129 1.24 -0.309 0.205 0.014 1.4945 "Down"
2004 0.237 0.129 1.24 -0.309 0.205 1.7049 "Down"
2004 0.496 0.237 0.129 1.24 -0.309 1.8684 "Down"
2004 -0.889 0.496 0.237 0.129 1.24 1.7207 "Up"
2004 0.479 -0.889 0.496 0.237 0.129 1.5102 "Down"
2004 -0.533 0.479 -0.889 0.496 0.237 1.5959 "Down"
2004 0.829 -0.533 0.479 -0.889 0.496 1.5146 "Down"
2004 0.135 0.829 -0.533 0.479 -0.889 1.695 "Up"
2004 0.687 0.135 0.829 -0.533 0.479 1.7211 "Down"
2004 -0.093 0.687 0.135 0.829 -0.533 1.6982 "Down"
2004 0.777 -0.093 0.687 0.135 0.829 1.7576 "Up"
2004 -0.321 0.777 -0.093 0.687 0.135 1.6937 "Down"
2004 -0.209 -0.321 0.777 -0.093 0.687 1.5612 "Down"
2004 1.211 -0.209 -0.321 0.777 -0.093 1.4806 "Down"
2004 -0.98 1.211 -0.209 -0.321 0.777 1.6731 "Up"
2004 -1.361 -0.98 1.211 -0.209 -0.321 1.842 "Down"
2004 0.499 -1.361 -0.98 1.211 -0.209 1.9219 "Down"
2004 -0.263 0.499 -1.361 -0.98 1.211 1.635 "Up"
2004 0.365 -0.263 0.499 -1.361 -0.98 1.5992 "Up"
2004 0.068 0.365 -0.263 0.499 -1.361 1.4769 "Up"
2004 -0.837 0.068 0.365 -0.263 0.499 1.6348 "Down"
2004 0.184 -0.837 0.068 0.365 -0.263 1.5666 "Down"
2004 1.256 0.184 -0.837 0.068 0.365 1.4776 "Down"
2004 -0.258 1.256 0.184 -0.837 0.068 1.3035 "Down"
2004 0.503 -0.258 1.256 0.184 -0.837 1.4039 "Up"
2004 1.067 0.503 -0.258 1.256 0.184 1.6993 "Down"
2004 -0.488 1.067 0.503 -0.258 1.256 1.4643 "Up"
2004 -0.547 -0.488 1.067 0.503 -0.258 1.3292 "Down"
2004 0.976 -0.547 -0.488 1.067 0.503 1.3965 "Down"
2004 -0.447 0.976 -0.547 -0.488 1.067 1.3824 "Up"
2004 -0.413 -0.447 0.976 -0.547 -0.488 1.5628 "Down"
2004 -0.257 -0.413 -0.447 0.976 -0.547 1.4796 "Down"
2004 -0.273 -0.257 -0.413 -0.447 0.976 1.3804 "Up"
2004 -0.167 -0.273 -0.257 -0.413 -0.447 1.5436 "Down"
2004 0.402 -0.167 -0.273 -0.257 -0.413 1.3607 "Down"
2004 0.108 0.402 -0.167 -0.273 -0.257 1.3839 "Down"
2004 0.003 0.108 0.402 -0.167 -0.273 1.5404 "Down"
2004 0.963 0.003 0.108 0.402 -0.167 1.4971 "Down"
2004 -0.594 0.963 0.003 0.108 0.402 1.476 "Down"
2004 0.168 -0.594 0.963 0.003 0.108 1.3345 "Down"
2004 0.334 0.168 -0.594 0.963 0.003 1.2658 "Down"
2004 0.172 0.334 0.168 -0.594 0.963 1.3982 "Up"
2004 -0.835 0.172 0.334 0.168 -0.594 1.2544 "Down"
2004 -0.577 -0.835 0.172 0.334 0.168 1.4994 "Down"
2004 -1.463 -0.577 -0.835 0.172 0.334 1.6484 "Down"
2004 -1.522 -1.463 -0.577 -0.835 0.172 1.8899 "Down"
2004 1.246 -1.522 -1.463 -0.577 -0.835 1.3885 "Up"
2004 -1.435 1.246 -1.522 -1.463 -0.577 1.6006 "Down"
2004 0.562 -1.435 1.246 -1.522 -1.463 1.5007 "Up"
2004 1.175 0.562 -1.435 1.246 -1.522 1.4901 "Up"
2004 -0.127 1.175 0.562 -1.435 1.246 1.3692 "Up"
2004 -1.117 -0.127 1.175 0.562 -1.435 1.4574 "Up"
2004 -1.296 -1.117 -0.127 1.175 0.562 1.4523 "Down"
2004 -0.132 -1.296 -1.117 -0.127 1.175 1.4582 "Up"
2004 -0.239 -0.132 -1.296 -1.117 -0.127 1.5278 "Down"
2004 1.637 -0.239 -0.132 -1.296 -1.117 1.4717 "Up"
2004 -0.102 1.637 -0.239 -0.132 -1.296 1.3191 "Up"
2004 1.3 -0.102 1.637 -0.239 -0.132 1.4055 "Down"
2004 0.404 1.3 -0.102 1.637 -0.239 1.3324 "Down"
2004 -0.07 0.404 1.3 -0.102 1.637 1.5607 "Up"
2004 0.529 -0.07 0.404 1.3 -0.102 1.5607 "Down"
2004 0.851 0.529 -0.07 0.404 1.3 1.6292 "Up"
2004 0.767 0.851 0.529 -0.07 0.404 1.4137 "Down"
2004 -0.209 0.767 0.851 0.529 -0.07 1.3977 "Down"
2004 -0.665 -0.209 0.767 0.851 0.529 1.4588 "Down"
2004 -0.106 -0.665 -0.209 0.767 0.851 1.1998 "Up"
2004 0.516 -0.106 -0.665 -0.209 0.767 1.1024 "Down"
2004 -1.376 0.516 -0.106 -0.665 -0.209 1.4232 "Down"
2004 -0.112 -1.376 0.516 -0.106 -0.665 1.5477 "Down"
2004 0.059 -0.112 -1.376 0.516 -0.106 1.5687 "Down"
2004 0.511 0.059 -0.112 -1.376 0.516 1.4878 "Down"
2004 0.107 0.511 0.059 -0.112 -1.376 1.1949 "Up"
2004 -1.556 0.107 0.511 0.059 -0.112 1.5085 "Down"
2004 0.531 -1.556 0.107 0.511 0.059 1.7381 "Down"
2004 1.409 0.531 -1.556 0.107 0.511 1.8267 "Down"
2004 0.059 1.409 0.531 -1.556 0.107 1.3961 "Down"
2004 -0.445 0.059 1.409 0.531 -1.556 1.2906 "Up"
2004 0.227 -0.445 0.059 1.409 0.531 1.518 "Down"
2004 -1.379 0.227 -0.445 0.059 1.409 1.8556 "Up"
2004 -0.759 -1.379 0.227 -0.445 0.059 1.859 "Down"
2004 -0.592 -0.759 -1.379 0.227 -0.445 1.6347 "Down"
2004 0.92 -0.592 -0.759 -1.379 0.227 1.5716 "Down"
2004 0.184 0.92 -0.592 -0.759 -1.379 1.6621 "Up"
2004 0.177 0.184 0.92 -0.592 -0.759 1.469 "Down"
2004 -0.672 0.177 0.184 0.92 -0.592 1.5093 "Down"
2004 -1.373 -0.672 0.177 0.184 0.92 1.6536 "Up"
2004 -1.054 -1.373 -0.672 0.177 0.184 1.9184 "Down"
2004 0.766 -1.054 -1.373 -0.672 0.177 1.5338 "Down"
2004 0.167 0.766 -1.054 -1.373 -0.672 1.6976 "Down"
2004 -0.077 0.167 0.766 -1.054 -1.373 1.4111 "Up"
2004 -0.067 -0.077 0.167 0.766 -1.054 1.3359 "Up"
2004 -1.059 -0.067 -0.077 0.167 0.766 1.4301 "Down"
2004 0.682 -1.059 -0.067 -0.077 0.167 1.353 "Down"
2004 -0.257 0.682 -1.059 -0.067 -0.077 1.5486 "Down"
2004 0.047 -0.257 0.682 -1.059 -0.067 1.211 "Down"
2004 0.401 0.047 -0.257 0.682 -1.059 1.2586 "Up"
2004 0.169 0.401 0.047 -0.257 0.682 1.2275 "Down"
2004 1.61 0.169 0.401 0.047 -0.257 1.5457 "Down"
2004 0.17 1.61 0.169 0.401 0.047 1.3694 "Down"
2004 0.569 0.17 1.61 0.169 0.401 1.4475 "Down"
2004 -0.054 0.569 0.17 1.61 0.169 1.1726 "Down"
2004 0.046 -0.054 0.569 0.17 1.61 1.238 "Up"
2004 0.338 0.046 -0.054 0.569 0.17 1.2517 "Down"
2004 -0.742 0.338 0.046 -0.054 0.569 1.2324 "Down"
2004 0.525 -0.742 0.338 0.046 -0.054 1.1153 "Down"
2004 1.596 0.525 -0.742 0.338 0.046 1.2118 "Down"
2004 0.154 1.596 0.525 -0.742 0.338 1.1903 "Down"
2004 -0.95 0.154 1.596 0.525 -0.742 1.2768 "Down"
2004 0.454 -0.95 0.154 1.596 0.525 1.1606 "Down"
2004 -0.984 0.454 -0.95 0.154 1.596 1.1794 "Up"
2004 0.597 -0.984 0.454 -0.95 0.154 1.3459 "Down"
2004 0.137 0.597 -0.984 0.454 -0.95 1.1684 "Up"
2004 -0.133 0.137 0.597 -0.984 0.454 1.2967 "Down"
2004 0.262 -0.133 0.137 0.597 -0.984 1.5006 "Up"
2004 -0.416 0.262 -0.133 0.137 0.597 1.1239 "Down"
2004 0.364 -0.416 0.262 -0.133 0.137 1.3823 "Down"
2004 0.851 0.364 -0.416 0.262 -0.133 1.4442 "Down"
2004 -0.298 0.851 0.364 -0.416 0.262 1.3949 "Down"
2004 -0.545 -0.298 0.851 0.364 -0.416 1.8129 "Down"
2004 -0.095 -0.545 -0.298 0.851 0.364 1.3546 "Down"
2004 0.251 -0.095 -0.545 -0.298 0.851 1.375 "Up"
2004 0.408 0.251 -0.095 -0.545 -0.298 1.4738 "Down"
2004 -1.043 0.408 0.251 -0.095 -0.545 1.4957 "Down"
2004 -0.315 -1.043 0.408 0.251 -0.095 1.085 "Down"
2004 -0.815 -0.315 -1.043 0.408 0.251 1.2833 "Down"
2004 0.19 -0.815 -0.315 -1.043 0.408 1.3286 "Down"
2004 -0.824 0.19 -0.815 -0.315 -1.043 1.4011 "Up"
2004 0.334 -0.824 0.19 -0.815 -0.315 1.1863 "Down"
2004 0.138 0.334 -0.824 0.19 -0.815 1.1146 "Down"
2004 0.071 0.138 0.334 -0.824 0.19 1.1997 "Down"
2004 -0.329 0.071 0.138 0.334 -0.824 1.462 "Up"
2004 -0.43 -0.329 0.071 0.138 0.334 1.4087 "Down"
2004 -0.479 -0.43 -0.329 0.071 0.138 1.4503 "Down"
2004 -0.044 -0.479 -0.43 -0.329 0.071 1.3199 "Down"
2004 0.706 -0.044 -0.479 -0.43 -0.329 1.4458 "Down"
2004 -1.334 0.706 -0.044 -0.479 -0.43 1.6795 "Down"
2004 0.271 -1.334 0.706 -0.044 -0.479 1.6808 "Down"
2004 -0.97 0.271 -1.334 0.706 -0.044 1.3375 "Down"
2004 -0.196 -0.97 0.271 -1.334 0.706 1.4134 "Down"
2004 0.993 -0.196 -0.97 0.271 -1.334 1.6108 "Up"
2004 0.054 0.993 -0.196 -0.97 0.271 1.5543 "Down"
2004 0.457 0.054 0.993 -0.196 -0.97 1.5301 "Up"
2004 0.117 0.457 0.054 0.993 -0.196 1.2982 "Down"
2004 0.445 0.117 0.457 0.054 0.993 1.276 "Up"
2004 -0.626 0.445 0.117 0.457 0.054 1.3383 "Down"
2004 -0.096 -0.626 0.445 0.117 0.457 1.3692 "Down"
2004 -1.632 -0.096 -0.626 0.445 0.117 1.3974 "Down"
2004 -1.548 -1.632 -0.096 -0.626 0.445 1.521 "Down"
2004 0.117 -1.548 -1.632 -0.096 -0.626 1.086 "Down"
2004 1.297 0.117 -1.548 -1.632 -0.096 1.2456 "Down"
2004 -0.301 1.297 0.117 -1.548 -1.632 1.4104 "Up"
2004 -1.168 -0.301 1.297 0.117 -1.548 1.4051 "Up"
2004 0.148 -1.168 -0.301 1.297 0.117 1.1751 "Down"
2004 1.366 0.148 -1.168 -0.301 1.297 1.2062 "Up"
2004 0.22 1.366 0.148 -1.168 -0.301 1.2678 "Down"
2004 1.244 0.22 1.366 0.148 -1.168 1.2825 "Up"
2004 -0.36 1.244 0.22 1.366 0.148 1.2494 "Down"
2004 0.652 -0.36 1.244 0.22 1.366 1.1999 "Up"
2004 -0.243 0.652 -0.36 1.244 0.22 1.0219 "Down"
2004 0.047 -0.243 0.652 -0.36 1.244 1.0925 "Up"
2004 0.8 0.047 -0.243 0.652 -0.36 1.1922 "Down"
2004 0.012 0.8 0.047 -0.243 0.652 1.0236 "Down"
2004 0.243 0.012 0.8 0.047 -0.243 0.8454 "Down"
2004 -0.778 0.243 0.012 0.8 0.047 0.8431 "Down"
2004 0.463 -0.778 0.243 0.012 0.8 1.1382 "Down"
2004 0.151 0.463 -0.778 0.243 0.012 1.1421 "Down"
2004 1.121 0.151 0.463 -0.778 0.243 1.1184 "Down"
2004 -0.418 1.121 0.151 0.463 -0.778 0.92417 "Down"
2004 0.689 -0.418 1.121 0.151 0.463 1.2144 "Down"
2004 -0.449 0.689 -0.418 1.121 0.151 1.2463 "Down"
2004 0.189 -0.449 0.689 -0.418 1.121 1.3713 "Up"
2004 0.495 0.189 -0.449 0.689 -0.418 1.2612 "Down"
2004 0.169 0.495 0.189 -0.449 0.689 1.2998 "Down"
2004 0.223 0.169 0.495 0.189 -0.449 1.2045 "Down"
2004 -0.705 0.223 0.169 0.495 0.189 1.256 "Down"
2004 0.279 -0.705 0.223 0.169 0.495 1.1139 "Down"
2004 0.449 0.279 -0.705 0.223 0.169 1.4226 "Down"
2004 -0.563 0.449 0.279 -0.705 0.223 1.1976 "Down"
2004 0.633 -0.563 0.449 0.279 -0.705 1.325 "Down"
2004 -1.394 0.633 -0.563 0.449 0.279 1.3799 "Down"
2004 -0.467 -1.394 0.633 -0.563 0.449 1.2863 "Down"
2004 0.158 -0.467 -1.394 0.633 -0.563 1.2554 "Down"
2004 -0.594 0.158 -0.467 -1.394 0.633 1.2635 "Down"
2004 0.593 -0.594 0.158 -0.467 -1.394 1.3966 "Up"
2004 0.427 0.593 -0.594 0.158 -0.467 1.4029 "Down"
2004 -0.02 0.427 0.593 -0.594 0.158 1.748 "Down"
2004 1.518 -0.02 0.427 0.593 -0.594 1.5822 "Down"
2004 0.324 1.518 -0.02 0.427 0.593 1.534 "Down"
2004 -0.061 0.324 1.518 -0.02 0.427 1.4184 "Down"
2004 0.667 -0.061 0.324 1.518 -0.02 1.4167 "Down"
2004 -0.998 0.667 -0.061 0.324 1.518 1.4475 "Up"
2004 -0.753 -0.998 0.667 -0.061 0.324 1.2916 "Down"
2004 0.201 -0.753 -0.998 0.667 -0.061 0.9438 "Down"
2004 -0.227 0.201 -0.753 -0.998 0.667 1.3201 "Down"
2004 -0.73 -0.227 0.201 -0.753 -0.998 1.5462 "Up"
2004 -0.93 -0.73 -0.227 0.201 -0.753 1.4895 "Down"
2004 0.445 -0.93 -0.73 -0.227 0.201 1.6451 "Down"
2004 0.525 0.445 -0.93 -0.73 -0.227 1.3733 "Down"
2004 -0.969 0.525 0.445 -0.93 -0.73 1.7375 "Up"
2004 0.039 -0.969 0.525 0.445 -0.93 1.6857 "Up"
2004 0.256 0.039 -0.969 0.525 0.445 1.673 "Down"
2004 -0.972 0.256 0.039 -0.969 0.525 1.4696 "Down"
2004 -0.086 -0.972 0.256 0.039 -0.969 1.3805 "Up"
2004 1.488 -0.086 -0.972 0.256 0.039 1.6854 "Down"
2004 1.288 1.488 -0.086 -0.972 0.256 1.7419 "Down"
2004 0.181 1.288 1.488 -0.086 -0.972 1.6282 "Up"
2004 0.245 0.181 1.288 1.488 -0.086 1.5008 "Down"
2004 0.027 0.245 0.181 1.288 1.488 1.3959 "Up"
2004 0.004 0.027 0.245 0.181 1.288 1.659 "Up"
2004 1.118 0.004 0.027 0.245 0.181 1.7675 "Down"
2004 1.616 1.118 0.004 0.027 0.245 1.7827 "Down"
2004 0.387 1.616 1.118 0.004 0.027 1.7244 "Down"
2004 -0.11 0.387 1.616 1.118 0.004 1.3587 "Down"
2004 -0.07 -0.11 0.387 1.616 1.118 1.4508 "Up"
2004 -0.101 -0.07 -0.11 0.387 1.616 1.5043 "Up"
2004 0.909 -0.101 -0.07 -0.11 0.387 1.393 "Down"
2004 0.911 0.909 -0.101 -0.07 -0.11 1.5316 "Down"
2004 -0.03 0.911 0.909 -0.101 -0.07 1.4533 "Down"
2004 -0.708 -0.03 0.911 0.909 -0.101 1.3644 "Down"
2004 0.554 -0.708 -0.03 0.911 0.909 1.6842 "Up"
2004 0.136 0.554 -0.708 -0.03 0.911 1.4567 "Up"
2004 -1.116 0.136 0.554 -0.708 -0.03 1.5266 "Down"
2004 0.59 -1.116 0.136 0.554 -0.708 1.3927 "Down"
2004 -0.025 0.59 -1.116 0.136 0.554 1.4283 "Down"
2004 0.41 -0.025 0.59 -1.116 0.136 1.1496 "Down"
2004 0.075 0.41 -0.025 0.59 -1.116 0.50458 "Up"
2004 -0.345 0.075 0.41 -0.025 0.59 1.3785 "Down"
2004 -0.403 -0.345 0.075 0.41 -0.025 1.5535 "Down"
2004 1.495 -0.403 -0.345 0.075 0.41 1.7728 "Down"
2004 -0.087 1.495 -0.403 -0.345 0.075 1.7749 "Down"
2004 0.071 -0.087 1.495 -0.403 -0.345 1.5667 "Down"
2004 -0.077 0.071 -0.087 1.495 -0.403 1.3544 "Down"
2004 -1.107 -0.077 0.071 -0.087 1.495 1.5339 "Up"
2004 0.488 -1.107 -0.077 0.071 -0.087 1.5252 "Down"
2004 0.544 0.488 -1.107 -0.077 0.071 1.6247 "Down"
2004 -0.104 0.544 0.488 -1.107 -0.077 1.4437 "Down"
2004 0.899 -0.104 0.544 0.488 -1.107 1.4361 "Up"
2004 0.392 0.899 -0.104 0.544 0.488 1.5444 "Down"
2004 0.194 0.392 0.899 -0.104 0.544 1.6958 "Down"
2004 -0.208 0.194 0.392 0.899 -0.104 1.7939 "Down"
2004 -0.749 -0.208 0.194 0.392 0.899 2.335 "Up"
2004 0.038 -0.749 -0.208 0.194 0.392 1.4228 "Down"
2004 0.904 0.038 -0.749 -0.208 0.194 1.4837 "Down"
2004 0.342 0.904 0.038 -0.749 -0.208 1.3908 "Down"
2004 0.046 0.342 0.904 0.038 -0.749 0.9561 "Down"
2004 -0.431 0.046 0.342 0.904 0.038 0.922 "Down"
2004 0.715 -0.431 0.046 0.342 0.904 0.983 "Up"
2004 -0.007 0.715 -0.431 0.046 0.342 0.9259 "Down"
2004 0.008 -0.007 0.715 -0.431 0.046 0.8298 "Down"
2005 -0.134 0.008 -0.007 0.715 -0.431 0.7869 "Down"
2005 -0.812 -0.134 0.008 -0.007 0.715 1.5108 "Down"
2005 -1.167 -0.812 -0.134 0.008 -0.007 1.721 "Down"
2005 -0.363 -1.167 -0.812 -0.134 0.008 1.7389 "Down"
2005 0.351 -0.363 -1.167 -0.812 -0.134 1.5691 "Down"
2005 -0.143 0.351 -0.363 -1.167 -0.812 1.4779 "Up"
2005 0.342 -0.143 0.351 -0.363 -1.167 1.4904 "Up"
2005 -0.61 0.342 -0.143 0.351 -0.363 1.4888 "Down"
2005 0.398 -0.61 0.342 -0.143 0.351 1.5621 "Down"
2005 -0.863 0.398 -0.61 0.342 -0.143 1.5103 "Down"
2005 0.6 -0.863 0.398 -0.61 0.342 1.3354 "Down"
2005 0.967 0.6 -0.863 0.398 -0.61 1.5968 "Down"
2005 -0.949 0.967 0.6 -0.863 0.398 1.4987 "Down"
2005 -0.778 -0.949 0.967 0.6 -0.863 1.692 "Up"
2005 -0.641 -0.778 -0.949 0.967 0.6 1.6435 "Down"
2005 -0.353 -0.641 -0.778 -0.949 0.967 1.4946 "Up"
2005 0.4 -0.353 -0.641 -0.778 -0.949 1.6104 "Up"
2005 0.484 0.4 -0.353 -0.641 -0.778 1.6359 "Up"
2005 0.041 0.484 0.4 -0.353 -0.641 1.6006 "Down"
2005 -0.272 0.041 0.484 0.4 -0.353 1.6418 "Down"
2005 0.846 -0.272 0.041 0.484 0.4 1.6798 "Down"
2005 0.689 0.846 -0.272 0.041 0.484 1.68198 "Down"
2005 0.318 0.689 0.846 -0.272 0.041 1.56174 "Down"
2005 -0.277 0.318 0.689 0.846 -0.272 1.55446 "Down"
2005 1.104 -0.277 0.318 0.689 0.846 1.64816 "Up"
2005 -0.109 1.104 -0.277 0.318 0.689 1.34727 "Down"
2005 0.048 -0.109 1.104 -0.277 0.318 1.41617 "Down"
2005 -0.858 0.048 -0.109 1.104 -0.277 1.51104 "Down"
2005 0.421 -0.858 0.048 -0.109 1.104 1.49167 "Up"
2005 0.693 0.421 -0.858 0.048 -0.109 1.5623 "Down"
2005 0.07 0.693 0.421 -0.858 0.048 1.29018 "Down"
2005 0.33 0.07 0.693 0.421 -0.858 1.52708 "Up"
2005 0.018 0.33 0.07 0.693 0.421 1.4901 "Down"
2005 -0.792 0.018 0.33 0.07 0.693 1.58012 "Down"
2005 0.07 -0.792 0.018 0.33 0.07 1.5512 "Down"
2005 -1.451 0.07 -0.792 0.018 0.33 1.74494 "Down"
2005 0.561 -1.451 0.07 -0.792 0.018 1.50109 "Down"
2005 0.789 0.561 -1.451 0.07 -0.792 1.51875 "Up"
2005 0.931 0.789 0.561 -1.451 0.07 1.52368 "Down"
2005 -0.641 0.931 0.789 0.561 -1.451 1.79548 "Up"
2005 0.566 -0.641 0.931 0.789 0.561 1.70806 "Down"
2005 -0.027 0.566 -0.641 0.931 0.789 1.56854 "Up"
2005 0.032 -0.027 0.566 -0.641 0.931 1.61624 "Up"
2005 0.962 0.032 -0.027 0.566 -0.641 1.63682 "Down"
2005 0.261 0.962 0.032 -0.027 0.566 1.48883 "Down"
2005 -0.48 0.261 0.962 0.032 -0.027 1.52309 "Down"
2005 -1.019 -0.48 0.261 0.962 0.032 1.70497 "Down"
2005 0.186 -1.019 -0.48 0.261 0.962 1.60402 "Up"
2005 -0.758 0.186 -1.019 -0.48 0.261 1.44982 "Down"
2005 0.562 -0.758 0.186 -1.019 -0.48 1.43743 "Down"
2005 -0.752 0.562 -0.758 0.186 -1.019 1.51353 "Up"
2005 -0.808 -0.752 0.562 -0.758 0.186 1.65319 "Down"
2005 0.18 -0.808 -0.752 0.562 -0.758 1.58193 "Up"
2005 -0.047 0.18 -0.808 -0.752 0.562 2.34437 "Up"
2005 -0.493 -0.047 0.18 -0.808 -0.752 1.81944 "Up"
2005 -1.02 -0.493 -0.047 0.18 -0.808 2.11447 "Up"
2005 0.07 -1.02 -0.493 -0.047 0.18 2.24687 "Up"
2005 -0.095 0.07 -1.02 -0.493 -0.047 1.72172 "Down"
2005 0.244 -0.095 0.07 -1.02 -0.493 1.74622 "Down"
2005 -0.76 0.244 -0.095 0.07 -1.02 2.22325 "Up"
2005 1.377 -0.76 0.244 -0.095 0.07 2.09711 "Up"
2005 -0.069 1.377 -0.76 0.244 -0.095 2.21423 "Up"
2005 -0.65 -0.069 1.377 -0.76 0.244 2.16869 "Up"
2005 0.273 -0.65 -0.069 1.377 -0.76 2.07977 "Up"
2005 0.448 0.273 -0.65 -0.069 1.377 1.8708 "Up"
2005 0.227 0.448 0.273 -0.65 -0.069 1.7974 "Down"
2005 0.597 0.227 0.448 0.273 -0.65 1.90062 "Up"
2005 -0.834 0.597 0.227 0.448 0.273 1.66133 "Down"
2005 0.001 -0.834 0.597 0.227 0.448 1.52531 "Down"
2005 0.555 0.001 -0.834 0.597 0.227 1.97983 "Up"
2005 -1.176 0.555 0.001 -0.834 0.597 2.04974 "Up"
2005 -1 -1.176 0.555 0.001 -0.834 2.35504 "Up"
2005 -1.672 -1 -1.176 0.555 0.001 2.68996 "Up"
2005 0.294 -1.672 -1 -1.176 0.555 2.18067 "Up"
2005 0.593 0.294 -1.672 -1 -1.176 2.1427 "Up"
2005 -1.325 0.593 0.294 -1.672 -1 2.21705 "Up"
2005 1.974 -1.325 0.593 0.294 -1.672 2.30856 "Up"
2005 -0.675 1.974 -1.325 0.593 0.294 2.04588 "Up"
2005 0.866 -0.675 1.974 -1.325 0.593 1.79503 "Down"
2005 -0.884 0.866 -0.675 1.974 -1.325 1.95974 "Up"
2005 0.395 -0.884 0.866 -0.675 1.974 2.15152 "Up"
2005 -1.138 0.395 -0.884 0.866 -0.675 2.18227 "Up"
2005 1.192 -1.138 0.395 -0.884 0.866 2.36236 "Up"
2005 0.459 1.192 -1.138 0.395 -0.884 1.98004 "Up"
2005 -0.085 0.459 1.192 -1.138 0.395 2.16702 "Up"
2005 1.247 -0.085 0.459 1.192 -1.138 2.30648 "Up"
2005 -0.257 1.247 -0.085 0.459 1.192 1.9971 "Up"
2005 -0.109 -0.257 1.247 -0.085 0.459 1.7072 "Down"
2005 0.639 -0.109 -0.257 1.247 -0.085 1.85702 "Down"
2005 -1.071 0.639 -0.109 -0.257 1.247 1.88966 "Up"
2005 0.419 -1.071 0.639 -0.109 -0.257 1.83497 "Down"
2005 -1.003 0.419 -1.071 0.639 -0.109 1.99529 "Up"
2005 -0.458 -1.003 0.419 -1.071 0.639 2.18859 "Up"
2005 1.009 -0.458 -1.003 0.419 -1.071 1.85686 "Up"
2005 0.696 1.009 -0.458 -1.003 0.419 1.88726 "Down"
2005 1.002 0.696 1.009 -0.458 -1.003 2.26632 "Up"
2005 0.466 1.002 0.696 1.009 -0.458 1.77586 "Down"
2005 -0.151 0.466 1.002 0.696 1.009 1.63175 "Up"
2005 0.385 -0.151 0.466 1.002 0.696 1.68117 "Up"
2005 0.018 0.385 -0.151 0.466 1.002 1.681 "Up"
2005 -0.34 0.018 0.385 -0.151 0.466 1.74218 "Down"
2005 0.639 -0.34 0.018 0.385 -0.151 1.65411 "Down"
2005 0.097 0.639 -0.34 0.018 0.385 1.38143 "Down"
2005 -0.607 0.097 0.639 -0.34 0.018 1.84068 "Down"
2005 0.9 -0.607 0.097 0.639 -0.34 1.8101 "Down"
2005 0.172 0.9 -0.607 0.097 0.639 1.81379 "Up"
2005 -0.687 0.172 0.9 -0.607 0.097 1.62752 "Down"
2005 0.125 -0.687 0.172 0.9 -0.607 1.54712 "Down"
2005 -0.021 0.125 -0.687 0.172 0.9 1.85137 "Up"
2005 -0.216 -0.021 0.125 -0.687 0.172 1.71549 "Down"
2005 0.524 -0.216 -0.021 0.125 -0.687 1.82412 "Up"
2005 -0.235 0.524 -0.216 -0.021 0.125 1.66418 "Down"
2005 0.226 -0.235 0.524 -0.216 -0.021 1.66135 "Down"
2005 0.257 0.226 -0.235 0.524 -0.216 1.69815 "Down"
2005 0.222 0.257 0.226 -0.235 0.524 1.84044 "Down"
2005 0.363 0.222 0.257 0.226 -0.235 1.77604 "Down"
2005 0.495 0.363 0.222 0.257 0.226 2.40737 "Up"
2005 -0.071 0.495 0.363 0.222 0.257 1.71453 "Down"
2005 -0.205 -0.071 0.495 0.363 0.222 1.7207 "Down"
2005 0.022 -0.205 -0.071 0.495 0.363 1.82325 "Down"
2005 -1.083 0.022 -0.205 -0.071 0.495 2.02992 "Up"
2005 -0.763 -1.083 0.022 -0.205 -0.071 2.4188 "Up"
2005 -0.074 -0.763 -1.083 0.022 -0.205 1.73862 "Down"
2005 0.914 -0.074 -0.763 -1.083 0.022 1.77241 "Down"
2005 -0.143 0.914 -0.074 -0.763 -1.083 1.76928 "Up"
2005 -0.71 -0.143 0.914 -0.074 -0.763 2.10949 "Up"
2005 0.261 -0.71 -0.143 0.914 -0.074 1.59382 "Down"
2005 0.883 0.261 -0.71 -0.143 0.914 1.80582 "Up"
2005 -0.834 0.883 0.261 -0.71 -0.143 1.88347 "Down"
2005 0.245 -0.834 0.883 0.261 -0.71 1.95244 "Up"
2005 1.168 0.245 -0.834 0.883 0.261 1.90081 "Down"
2005 0.625 1.168 0.245 -0.834 0.883 1.8463 "Up"
2005 0.227 0.625 1.168 0.245 -0.834 1.93201 "Up"
2005 0.088 0.227 0.625 1.168 0.245 1.8125 "Down"
2005 0.262 0.088 0.227 0.625 1.168 2.04871 "Up"
2005 0.116 0.262 0.088 0.227 0.625 1.7164 "Down"
2005 -0.553 0.116 0.262 0.088 0.227 1.5821 "Down"
2005 0.673 -0.553 0.116 0.262 0.088 2.04128 "Up"
2005 0.476 0.673 -0.553 0.116 0.262 2.06334 "Up"
2005 -0.661 0.476 0.673 -0.553 0.116 2.12984 "Up"
2005 0.541 -0.661 0.476 0.673 -0.553 1.76699 "Down"
2005 -0.377 0.541 -0.661 0.476 0.673 1.71758 "Down"
2005 0.173 -0.377 0.541 -0.661 0.476 1.93418 "Up"
2005 0.457 0.173 -0.377 0.541 -0.661 1.9458 "Up"
2005 0.56 0.457 0.173 -0.377 0.541 2.00168 "Up"
2005 -0.767 0.56 0.457 0.173 -0.377 1.7896 "Down"
2005 0.095 -0.767 0.56 0.457 0.173 1.71687 "Down"
2005 0.71 0.095 -0.767 0.56 0.457 2.04312 "Up"
2005 0.074 0.71 0.095 -0.767 0.56 1.99998 "Up"
2005 -0.737 0.074 0.71 0.095 -0.767 1.98122 "Up"
2005 -0.764 -0.737 0.074 0.71 0.095 1.93028 "Down"
2005 -0.268 -0.764 -0.737 0.074 0.71 1.80414 "Up"
2005 0.674 -0.268 -0.764 -0.737 0.074 1.89752 "Down"
2005 -0.183 0.674 -0.268 -0.764 -0.737 2.17232 "Up"
2005 0.706 -0.183 0.674 -0.268 -0.764 1.94156 "Up"
2005 -0.599 0.706 -0.183 0.674 -0.268 1.7093 "Down"
2005 0.283 -0.599 0.706 -0.183 0.674 1.56288 "Down"
2005 -1.178 0.283 -0.599 0.706 -0.183 1.82041 "Down"
2005 0.074 -1.178 0.283 -0.599 0.706 1.85915 "Up"
2005 -0.1 0.074 -1.178 0.283 -0.599 1.80817 "Down"
2005 0.057 -0.1 0.074 -1.178 0.283 1.55879 "Down"
2005 0.166 0.057 -0.1 0.074 -1.178 1.62133 "Up"
2005 -0.339 0.166 0.057 -0.1 0.074 1.67862 "Down"
2005 -0.657 -0.339 0.166 0.057 -0.1 1.9308 "Down"
2005 0.23 -0.657 -0.339 0.166 0.057 1.57111 "Down"
2005 -0.6 0.23 -0.657 -0.339 0.166 1.54109 "Down"
2005 0.596 -0.6 0.23 -0.657 -0.339 1.59945 "Down"
2005 -0.319 0.596 -0.6 0.23 -0.657 1.91647 "Up"
2005 0.986 -0.319 0.596 -0.6 0.23 2.36551 "Up"
2005 0.103 0.986 -0.319 0.596 -0.6 2.22986 "Up"
2005 -0.292 0.103 0.986 -0.319 0.596 1.64016 "Down"
2005 1.262 -0.292 0.103 0.986 -0.319 1.93209 "Down"
2005 0.241 1.262 -0.292 0.103 0.986 2.0677 "Up"
2005 -0.379 0.241 1.262 -0.292 0.103 1.95538 "Up"
2005 0.796 -0.379 0.241 1.262 -0.292 1.99256 "Up"
2005 -0.074 0.796 -0.379 0.241 1.262 1.93805 "Up"
2005 -0.754 -0.074 0.796 -0.379 0.241 2.08236 "Up"
2005 -0.328 -0.754 -0.074 0.796 -0.379 1.98675 "Up"
2005 0.046 -0.328 -0.754 -0.074 0.796 2.07934 "Up"
2005 0.829 0.046 -0.328 -0.754 -0.074 3.15247 "Up"
2005 -0.557 0.829 0.046 -0.328 -0.754 2.07654 "Up"
2005 -0.786 -0.557 0.829 0.046 -0.328 2.31925 "Up"
2005 -0.912 -0.786 -0.557 0.829 0.046 2.54815 "Up"
2005 0.365 -0.912 -0.786 -0.557 0.829 2.42472 "Up"
2005 0.055 0.365 -0.912 -0.786 -0.557 1.97302 "Up"
2005 0.028 0.055 0.365 -0.912 -0.786 2.02222 "Up"
2005 0.002 0.028 0.055 0.365 -0.912 1.97627 "Up"
2005 0.101 0.002 0.028 0.055 0.365 2.10698 "Up"
2005 0.887 0.101 0.002 0.028 0.055 2.17612 "Up"
2005 0.092 0.887 0.101 0.002 0.028 2.09752 "Up"
2005 -0.172 0.092 0.887 0.101 0.002 2.09749 "Up"
2005 -0.997 -0.172 0.092 0.887 0.101 2.34142 "Up"
2005 -1.489 -0.997 -0.172 0.092 0.887 2.54678 "Up"
2005 -0.41 -1.489 -0.997 -0.172 0.092 2.79203 "Up"
2005 0.37 -0.41 -1.489 -0.997 -0.172 2.12608 "Up"
2005 -0.717 0.37 -0.41 -1.489 -0.997 2.19599 "Up"
2005 -0.207 -0.717 0.37 -0.41 -1.489 2.29904 "Up"
2005 -0.607 -0.207 -0.717 0.37 -0.41 2.49128 "Up"
2005 -0.071 -0.607 -0.207 -0.717 0.37 2.35115 "Up"
2005 0.827 -0.071 -0.607 -0.207 -0.717 2.18894 "Up"
2005 0.297 0.827 -0.071 -0.607 -0.207 2.05457 "Up"
2005 -1.005 0.297 0.827 -0.071 -0.607 2.19701 "Up"
2005 1.496 -1.005 0.297 0.827 -0.071 2.70359 "Up"
2005 -1.502 1.496 -1.005 0.297 0.827 2.61725 "Up"
2005 0.152 -1.502 1.496 -1.005 0.297 2.47092 "Up"
2005 1.678 0.152 -1.502 1.496 -1.005 2.19779 "Up"
2005 -0.237 1.678 0.152 -1.502 1.496 2.31247 "Up"
2005 -0.431 -0.237 1.678 0.152 -1.502 2.46775 "Up"
2005 -1.048 -0.431 -0.237 1.678 0.152 2.39537 "Up"
2005 1.655 -1.048 -0.431 -0.237 1.678 2.3794 "Up"
2005 0.718 1.655 -1.048 -0.431 -0.237 2.56747 "Up"
2005 -0.352 0.718 1.655 -1.048 -0.431 2.45785 "Up"
2005 0.998 -0.352 0.718 1.655 -1.048 2.64809 "Up"
2005 0.426 0.998 -0.352 0.718 1.655 2.71663 "Up"
2005 0.016 0.426 0.998 -0.352 0.718 2.05051 "Up"
2005 0.219 0.016 0.426 0.998 -0.352 1.98758 "Up"
2005 -0.345 0.219 0.016 0.426 0.998 1.96505 "Up"
2005 0.169 -0.345 0.219 0.016 0.426 2.21446 "Up"
2005 0.845 0.169 -0.345 0.219 0.016 2.37846 "Up"
2005 0.305 0.845 0.169 -0.345 0.219 1.77314 "Down"
2005 -0.078 0.305 0.845 0.169 -0.345 1.89978 "Down"
2005 -0.385 -0.078 0.305 0.845 0.169 2.35937 "Up"
2005 0.179 -0.385 -0.078 0.305 0.845 2.12158 "Up"
2005 0.941 0.179 -0.385 -0.078 0.305 2.29804 "Up"
2005 0.44 0.941 0.179 -0.385 -0.078 2.45329 "Up"
2005 0.527 0.44 0.941 0.179 -0.385 2.11735 "Up"
2005 0.508 0.527 0.44 0.941 0.179 2.29142 "Up"
2005 0.347 0.508 0.527 0.44 0.941 1.9854 "Up"
2005 0.209 0.347 0.508 0.527 0.44 0.72494 "Down"
2005 -0.851 0.209 0.347 0.508 0.527 2.0169 "Up"
2005 0.002 -0.851 0.209 0.347 0.508 2.26834 "Up"
2005 -0.636 0.002 -0.851 0.209 0.347 2.37469 "Up"
2005 1.216 -0.636 0.002 -0.851 0.209 2.61483 "Up"
2005 0.032 1.216 -0.636 0.002 -0.851 2.12558 "Up"
2005 -0.236 0.032 1.216 -0.636 0.002 2.32584 "Up"
2005 0.128 -0.236 0.032 1.216 -0.636 2.11074 "Up"
2005 -0.501 0.128 -0.236 0.032 1.216 2.09383 "Up"
2005 -0.122 -0.501 0.128 -0.236 0.032 2.1783 "Up"
2005 0.281 -0.122 -0.501 0.128 -0.236 1.89629 "Down"
2005 0.084 0.281 -0.122 -0.501 0.128 1.87655 "Down"
2005 0.555 0.084 0.281 -0.122 -0.501 2.39002 "Up"
2005 0.419 0.555 0.084 0.281 -0.122 2.14552 "Up"
2005 -0.141 0.419 0.555 0.084 0.281 2.18059 "Up"
2005 -0.285 -0.141 0.419 0.555 0.084 2.58419 "Up"
2005 -0.584 -0.285 -0.141 0.419 0.555 2.20881 "Up"
2005 -0.024 -0.584 -0.285 -0.141 0.419 1.99669 "Up"
2005 0.252 -0.024 -0.584 -0.285 -0.141 2.06517 "Up"
2005 0.422 0.252 -0.024 -0.584 -0.285 1.8885 "Down"
2005 0.043 0.422 0.252 -0.024 -0.584 1.28581 "Down"
2005 -0.955 0.043 0.422 0.252 -0.024 1.54047 "Down"
2005 0.13 -0.955 0.043 0.422 0.252 1.42236 "Down"
2005 -0.298 0.13 -0.955 0.043 0.422 1.38254 "Down"
